6457 530 8418 6056 2624 805 1668 2670 8633 8284 6572 4709 4072 7029 8177 6631 8112 9592 3704 5712 9286 4343 7106 3434 5683 2770 2715 4131 6180 8734 9291 9858 3999 3828 5722 2343 2789 3696 6170 3347 8436 1168 5723 1942 7962 8880 4647 1754 1009 7809 8743 3462 975 6 8821 8854 4294 4257 6167 405 7374 9723 2843 4499 1460 4441 2221 1073 7977 5894 9170 3937 587 6727 7625 798 7389 1302 3913 7760 1938 9315 5779 5296 4600 1476 1599 7577 9478 6448 123 6804 7578 4364 1965 2383 5022 5440 2956 9951 
5833 665 5571 9157 5563 9288 2164 8566 1280 3512 768 8578 2433 5460 867 3321 1780 6031 7159 1323 5129 7527 1088 5573 3438 3803 222 8659 4365 8748 2756 2239 2923 7402 8145 9864 1861 8146 3978 3880 2865 9303 3094 2792 8552 9358 6983 8871 6251 5967 204 449 9815 1647 2000 5228 4250 267 8268 9280 9931 2857 4326 1856 7912 510 3219 5852 4255 904 5814 9509 2558 8031 3881 5411 7052 8060 860 3695 7583 4087 8988 1364 9028 2464 1963 7043 6374 5130 2268 1843 4301 1078 1318 6838 5401 2801 2283 1028 
8646 3565 5233 2232 5494 1263 1391 3628 2810 8876 5523 3371 8282 1310 7418 1249 1063 6893 7501 5157 390 2278 1190 4416 5982 3420 7829 5906 2415 9513 4100 3712 1070 9830 1189 4934 8879 3312 8403 6377 8123 5578 7387 2834 5655 2159 1486 3955 4568 8777 3120 7654 211 5551 4486 2821 4500 2570 7816 9590 1191 5979 8246 6883 9825 9081 2661 7754 5741 4002 7173 3340 4149 6057 7341 5751 9798 6924 9168 4284 6271 9594 9550 618 3840 7373 1578 2717 3977 5627 9720 2883 6366 7236 3321 1289 3349 9988 439 2402 
4795 3731 9758 3381 7998 5058 7757 3666 7218 1124 2364 6277 3519 7432 1654 9480 9111 6157 761 9149 8939 3845 5247 5950 3831 3550 3355 7842 6862 9601 441 88 1356 3755 4187 9872 561 5831 7249 642 6964 4097 5460 1482 1717 498 1998 9390 2324 7756 1060 6754 3111 2608 6988 3210 5760 3211 7017 3872 3108 4939 9565 4759 3529 6123 7638 453 4481 8156 9696 2163 4275 5410 8493 3168 2817 9428 8110 6643 8566 2696 1535 354 2398 2074 4871 4328 1116 3625 490 7520 1430 6350 746 4211 7400 4277 8651 1771 
961 7522 9243 9472 9637 5955 4752 71 3550 1940 1619 7354 6190 8065 3238 1892 4296 4257 2642 4958 912 973 848 9801 7783 8705 8481 3894 8207 3766 4365 3195 869 7578 1865 566 8385 1750 663 5764 3532 7210 245 3148 7809 9934 8765 4545 8348 9706 6825 7156 6347 3455 8289 4188 5873 1658 8274 2109 7718 3128 4406 2668 50 8306 3862 707 8101 4556 2301 8260 118 4611 4664 5244 6763 7676 9777 9229 1656 5262 3041 109 242 762 7897 2569 7276 9343 1758 60 4468 870 3248 8406 3598 8426 2212 7250 
9219 2618 7953 5825 2243 4507 5755 5233 506 640 7846 3722 5554 9526 3176 673 6708 1597 3942 2406 2462 2068 4797 8973 6333 1452 594 3101 2201 8673 2761 4413 69 7068 5770 6126 947 9459 1404 9852 8934 1446 1419 497 2962 231 7680 297 5584 1565 6593 1417 5975 8849 3638 367 3309 9490 8659 4295 96 1398 6103 5095 7493 8807 4739 2576 5661 3033 8963 8143 9715 9857 4555 9601 8491 1293 988 9119 6247 5355 5581 7326 1712 738 6650 8710 7310 8588 9799 8384 9802 333 8329 6395 9624 94 2442 9322 
272 3685 3877 6612 5696 7748 1124 5446 3438 6142 4326 8233 4419 7299 5903 9681 78 1544 1811 7543 5001 9137 5320 9803 9595 5910 6530 5297 7879 959 366 1758 4031 9194 453 9391 1996 6230 6655 5699 7361 797 5322 135 5613 8955 3052 2552 7061 9284 4104 2161 6500 3668 8215 3090 9163 8378 1032 5777 3485 3131 9253 7633 7910 306 6115 2630 9056 3111 6441 7967 936 731 3436 9008 2638 8653 3390 3424 4326 8883 9262 5046 731 2494 8493 9607 3921 8383 6535 3119 2412 1102 5807 5084 2768 8876 8562 6055 
2157 1502 785 6047 5626 4027 9441 7850 3200 7035 4784 3776 7985 4987 2098 6482 1984 4834 8290 8776 3667 3839 2407 3806 169 6862 3338 4175 5352 4890 6915 8494 2729 2187 6265 5727 1364 6906 81 6588 1598 1941 3460 4659 2990 9605 7192 3722 3632 8089 2881 7334 3434 7041 5615 6306 2372 499 2583 5562 2912 9853 8841 4005 3677 519 2011 4383 528 152 1454 3068 8647 8172 397 9618 41 1096 9813 3231 3491 6100 5585 4572 2727 3479 126 6919 1165 564 6665 5349 1162 6639 5516 7023 5057 5168 4751 6976 
6015 4288 1529 3049 3356 7236 3529 2775 8187 6373 1934 8479 3720 8507 3481 8521 3194 5301 9085 4206 7036 5374 1912 8444 5715 5869 3375 5276 1267 7813 972 5379 7285 2011 7466 5367 1464 3842 9858 5727 9787 8174 849 9326 3600 917 9364 2475 7487 1261 8899 3253 8911 6564 6336 5768 2439 4757 9335 7412 9670 7522 281 6095 7717 6971 3165 7423 1670 1964 2855 3214 2726 6842 6497 563 3610 8969 7695 2553 6933 1553 2004 1857 5470 9758 8043 9419 4574 1649 4005 8470 9345 5468 1866 7451 7833 3197 6394 1472 
2569 7779 3789 6012 5566 8818 5375 2254 2287 9285 9692 720 5759 1881 9015 1464 8346 3549 9657 1694 2084 7678 1056 2440 8901 4197 7940 126 3989 9265 8931 4598 842 741 5528 8553 8656 4846 2587 6873 8616 1557 2735 9073 9427 561 1248 2513 8687 3881 1806 2150 4795 114 8431 1848 8991 8271 401 6474 7596 5321 5338 5607 615 5790 5123 6801 3101 8344 2768 6053 1204 6945 5225 5488 8880 6485 8446 6151 7126 1807 4467 5813 7293 421 4508 3323 9740 2995 289 8604 9787 9561 1238 6609 2864 9723 116 7052 
177 5071 7174 819 5349 3319 8650 3930 341 2024 3973 1743 5467 3591 6784 9757 7916 1768 3424 503 3625 6722 368 4506 9459 6388 7091 1662 2247 9529 8465 8225 2606 1423 5639 1976 1614 240 6432 7167 6194 3255 84 4968 7898 9251 3874 5969 482 1327 5379 4075 2732 6470 5877 9182 3004 7461 3995 5571 5364 3606 6838 7843 5327 5464 7592 6951 9197 303 1851 4098 6171 6439 3511 4436 753 2640 6347 5687 3766 8143 6207 351 2310 3896 2072 7216 9120 1486 9073 1594 2736 6100 5136 5320 36 2514 5689 175 
8112 3016 6151 1244 3802 8092 1828 5353 2865 8999 3260 8096 5890 2101 7472 900 7250 7715 4512 7230 9765 8094 5603 6892 276 9639 6989 7632 2528 6796 1642 3509 5323 7086 2478 4142 255 4926 4609 1298 1985 6948 7871 9003 5938 8042 4034 5429 9108 7010 5782 7542 7623 4294 3311 5633 196 2626 3784 5833 6741 3055 4201 4815 5600 979 2745 5745 6856 1403 8406 892 6810 440 956 5322 4785 8491 1097 2205 65 6042 3575 1824 2047 283 4422 8395 5189 8176 1655 5017 1981 4942 5551 8416 876 3849 1961 6399 
7922 9809 7591 2108 8289 1869 5761 8103 5262 4172 6157 4491 5277 7901 9694 8955 5537 3966 6327 1122 5865 1917 9314 2120 8117 2793 4040 8235 8277 719 1768 6896 3550 280 5238 8033 5226 5048 1753 8199 6863 2947 9264 8668 6554 6053 9301 5865 5651 704 7054 7215 4832 7178 625 9030 1954 6470 1982 8016 6047 1209 4816 4982 7357 4940 996 3568 1269 4143 1243 8809 5749 4398 4421 785 9623 7667 2505 5145 8634 716 5139 7630 870 4638 6240 2158 7099 9826 400 5679 5560 2401 6938 1994 3534 7355 2677 2173 
9875 7180 9610 9273 7246 4566 287 6354 4959 7892 9007 6717 7572 8092 904 3877 5955 629 2386 5933 7958 9866 992 1096 6428 9440 629 6237 5765 8084 5840 858 1920 5636 8608 2706 8080 1039 7976 6479 1602 9673 1636 9716 9497 1666 7213 4817 4219 101 8536 8732 3325 2814 1460 9555 3486 1535 5350 142 1972 974 3389 8856 6297 9605 9685 1684 9229 6888 4107 7478 4691 216 4932 19 9095 1374 6794 4027 7537 1881 3793 1935 7260 8745 807 2022 7866 2515 2769 9292 928 6858 3313 6110 8075 3516 8516 3154 
776 6037 4189 4144 6985 1949 4003 9470 7423 7278 3518 4664 2507 1767 8908 4126 873 9694 8365 3741 4051 3789 790 9193 7698 5356 6218 1806 1740 193 4482 5355 3585 6968 6065 7533 6353 7091 8330 9458 8862 1727 5123 2610 5222 5671 4882 9228 4575 6274 2458 7298 9258 6836 9814 7313 9644 3819 8017 5403 637 4381 5639 799 7743 5809 7442 4655 2295 3238 3641 6071 2524 548 9188 8432 7069 104 4339 9138 6361 2232 2365 3993 8243 1482 9697 5363 3596 5978 1033 1537 582 7099 4566 6211 9764 5312 317 8647 
1659 2841 3203 9800 2427 9256 7846 2931 2918 3615 7720 7605 4679 3742 3952 2168 7509 9489 3476 102 3829 7066 7557 9878 3093 4278 4759 3168 6005 665 5636 2241 6523 5405 8806 679 8223 2318 1187 2177 3106 6362 8486 1816 4402 8160 2296 3725 1159 5745 6024 4771 2456 3316 9887 9759 8368 777 4598 6615 7481 3337 3054 5753 4273 4797 9179 6033 4318 9409 2183 9088 2191 7701 8330 956 9589 2965 7435 7800 1866 1227 4479 5107 4015 7392 4799 514 5341 7057 4374 219 7027 3010 2073 7290 1087 3357 9657 1458 
6665 5234 3717 3989 3865 4400 8929 4153 8069 1092 791 4995 7347 1428 35 7626 930 4184 9414 2224 4956 4865 4920 1003 9618 1267 1684 4424 8783 9665 8683 6451 7518 8874 5218 3650 2104 3404 7523 333 8508 1363 4839 9399 599 734 3030 3224 9824 2381 587 7545 8983 7329 4152 9299 7240 8711 9148 3175 4011 5317 9725 1186 5236 3053 2914 7276 178 9957 4946 8321 6913 1137 523 6744 8820 6004 4879 2942 9305 2975 830 204 73 7695 3027 6075 9679 5972 7037 5390 4298 9745 6474 2102 9408 2135 8273 8746 
9545 3755 130 5738 8734 2898 8979 4993 2765 5497 1930 1547 3084 7729 39 931 7404 4659 333 7167 9260 9646 9562 5267 4481 7526 904 5697 5322 8204 11 6858 7516 3286 4353 4020 8690 578 9195 9517 813 917 1763 438 598 3695 4117 11 4313 5285 4395 8203 5600 7838 4457 113 9968 3154 3967 2321 5634 760 8595 347 6977 7336 7604 6260 7537 3561 7792 7139 4371 813 2873 2614 5841 3911 1754 8900 9360 3482 9530 1247 5163 3689 4293 5058 9736 8946 5661 7037 6596 3990 7437 8103 6376 8516 1501 7680 
4853 7873 6203 4117 3487 6102 7927 9907 5175 1508 184 9935 283 8950 7163 8945 4403 3519 7282 5803 5214 4799 8093 8268 7269 3556 6185 3138 3195 7176 7950 4496 5219 4045 8260 369 1018 9351 3824 670 9603 7251 8148 897 725 9675 9889 1494 1041 1410 7560 2476 2891 9580 7107 5736 1615 8482 6786 8121 2666 7062 1066 1181 5156 6190 8837 1814 704 8751 498 6581 6485 9575 6671 8018 9127 4973 7616 4377 2548 9800 4529 3555 5057 8091 1709 2824 8 3961 7830 3018 424 1689 8681 2577 8204 7374 5546 9262 
2368 2025 2786 254 544 7859 1131 9965 1801 3195 6829 8620 2840 7191 790 708 6324 368 1641 5864 1430 8455 6169 4645 7224 7854 3119 6295 4257 3348 9733 6593 1567 9829 5617 4668 738 6500 1548 4562 553 2704 7281 9437 9870 4986 7301 2554 4012 1116 829 7714 8367 219 2622 386 39 5354 3885 2541 6882 6233 962 1405 2516 1160 625 8150 1272 5200 7227 8020 4006 1370 5370 3994 3267 2901 8331 433 5579 5042 3642 3351 2577 797 2692 3204 3490 354 6251 2890 5176 4457 757 9283 4652 4877 2206 6831 
5089 8957 533 6393 480 9838 8844 2141 7774 6303 8437 6102 8018 6888 2934 5876 1667 2121 4983 5550 8545 2169 8229 7398 7735 7323 6223 3712 6815 1688 8749 9415 4441 4738 3950 2776 7440 4257 6739 8801 1461 8123 2116 6742 7640 2302 5087 4122 9877 9448 3270 4461 4036 2394 51 4809 2082 8358 3256 175 2312 2819 563 5644 9781 2526 2190 9894 5405 1988 9692 9301 1263 7725 6397 2933 9675 7281 9745 5041 1659 9820 8177 4607 6955 999 8959 7155 1570 400 5155 449 1179 5437 7121 4812 9745 9135 2200 6636 
3431 1787 7110 3347 8269 3845 6089 6961 4074 2598 2130 3225 4306 8758 8076 5801 7113 3899 6837 6553 4695 1373 862 6148 3507 4701 1646 3561 2924 5077 7400 2498 7026 6150 7047 4889 2696 1464 6631 6466 9855 1846 3114 8542 3287 5372 1308 864 1098 3509 899 1670 5455 8151 3086 5898 1404 9955 6167 409 2548 1588 334 9922 5254 4277 5257 3140 8265 7632 311 9802 3116 267 1838 1980 9636 3829 2352 9902 2671 8146 1171 9089 5443 6401 3515 7967 5808 133 3211 3121 3314 5329 7393 4884 7485 3153 8660 9212 
4240 8242 232 5500 5878 7635 4537 6838 7569 3919 3593 954 8945 1458 2526 8024 4828 779 9128 2779 3231 6313 5377 4436 9586 304 38 5850 3703 5069 4297 6031 5861 3080 7520 9410 2470 508 8030 5556 7766 3638 8983 6912 8862 6774 1413 780 6435 6502 4295 7665 3417 7727 6887 8720 3407 6909 4435 6195 5479 8183 2763 2614 4909 1766 2147 8238 8459 814 4734 7798 7609 4089 7398 1970 3288 7236 7908 4262 9166 1285 5565 2901 5027 9552 25 2285 8374 1187 1702 2343 1928 8261 4952 5182 5040 8690 8129 7575 
9316 4736 4025 8748 8078 7149 6363 8452 5216 9632 1304 7733 4911 5957 6853 6730 9633 3205 7116 1957 6054 8262 1702 6888 7626 7304 8881 5364 1234 8765 770 2745 3597 7924 197 6077 220 9527 7207 9074 17 269 65 4053 7377 7368 276 8009 9937 7558 736 9437 4499 4447 8096 7972 5223 3692 9013 8353 3805 6817 7732 9793 3764 3963 1403 5993 6502 5454 5894 8029 9332 1168 5833 1514 46 3944 1943 2836 2725 4488 8569 2781 5650 3349 7004 2807 5778 1221 2074 6075 1669 5283 2443 3258 7275 8344 9559 6740 
8249 2076 6690 1948 7149 1897 4246 1520 1352 6071 5973 5130 4291 4364 5811 8853 4353 1020 2306 8442 7985 7539 2776 9308 8436 7177 7804 5358 8838 5169 7456 4328 4856 4334 8424 4905 1982 6656 546 6886 5937 5938 1400 1190 7794 4913 5545 9828 1482 5640 4871 9233 1206 4531 9852 8023 9231 5382 4978 4512 8183 4224 856 532 8229 604 8466 3902 876 3800 9366 5717 7720 157 7318 3386 6432 3609 9536 6249 6979 1552 5029 6351 4767 1791 2986 4283 6337 7230 7735 9777 9332 2202 5456 3342 1809 8177 1959 1394 
5793 992 7275 6606 9792 3974 2204 2553 4701 788 7046 2403 1828 1413 5929 1089 8346 8700 4881 3029 7481 8203 1603 9585 6962 5830 1706 3021 4026 8455 782 7140 7949 3570 1367 2899 5366 9815 3343 1898 8445 2709 3134 7501 2307 4526 1944 3910 2421 6438 2216 3602 7191 4590 9154 5474 2549 6968 9841 419 7797 8746 7378 172 6418 8972 2879 5824 7434 9339 7537 2537 496 8300 8597 2923 6104 2472 2084 6403 8484 1264 1422 182 4481 7128 1379 6399 2813 7736 2668 1103 7999 2301 4642 5016 8057 925 960 2694 
8255 1675 21 6063 6155 9530 9607 4033 7507 2292 5446 3332 6322 9275 4931 8786 5114 2964 724 8912 1716 4616 7461 315 6811 3003 9577 983 9304 4434 9527 7840 7159 3296 1431 4710 7490 3344 3678 6579 8459 2827 6326 6075 7857 9270 1503 9564 2888 4162 168 3744 9721 7415 5270 1044 7387 7409 1178 9022 1124 7422 3444 7172 6677 5406 6893 3979 2880 2670 6222 5170 8194 5355 3345 5293 5700 1663 1264 5981 2837 7344 8723 6930 504 8728 3691 7775 2926 2448 2973 3743 5611 4220 7630 4264 7861 3091 7654 8570 
9841 7787 2466 3478 2395 3787 9958 7742 3435 5776 8400 5841 9411 3445 5751 4338 5971 1315 1086 4857 7550 9440 1401 4673 3913 3217 9264 811 8229 78 2247 5965 5066 5237 4424 2523 9745 4983 4873 9067 3458 3096 9576 4703 5962 1347 761 762 4261 734 9200 5288 7059 4987 3736 6527 2992 1936 5323 3041 3994 2675 5683 9182 2802 1169 5141 260 5301 8476 7150 8264 4730 4654 4469 1534 2091 5986 8608 8968 5382 5212 8773 7536 8995 8852 1124 9413 2449 8716 4198 2489 119 2841 331 8562 4587 7994 3090 3082 
9635 923 9294 533 1051 3437 5839 8926 403 6717 8686 8232 1282 6014 1357 6783 4222 7738 5479 880 8737 7603 2432 2990 1907 5245 1212 5559 6242 6253 8436 6651 250 8036 3210 1089 6562 347 630 6722 9821 2529 3820 229 1920 3301 9464 532 7609 6263 1103 1127 8581 9235 2214 8068 9159 3766 8188 2375 1369 417 3912 2002 1167 655 7869 762 8991 9199 5102 6882 1874 5541 66 7823 1022 8573 3094 737 7098 9480 9267 6073 8498 7040 7172 619 5463 4848 5242 290 1287 2460 5165 4692 2908 5625 6757 2307 
2451 8334 6194 5601 5126 1455 6281 6268 9367 9018 5500 6933 5819 3657 2282 3254 5761 8208 5669 4089 2806 8138 4078 8359 3824 7507 7557 4700 5183 2226 6647 1570 8341 4906 6120 772 1179 8069 1259 7380 429 3198 1476 975 7043 7534 7307 8567 3403 7357 2159 309 3854 7601 2278 9669 947 6670 3757 3755 4426 7256 507 9721 7205 9197 2969 2304 2441 3966 8387 3132 5787 7369 2917 6822 7148 5383 5893 2000 9913 3879 9210 8072 7761 7442 9084 5222 2545 5105 7660 2285 4991 1478 9267 2764 5036 1141 1002 2007 
9132 5737 9116 108 3648 6791 7167 9515 9212 7925 5627 9213 8116 6806 3584 8955 5181 8015 1092 9207 256 6253 4557 6547 1339 9190 3239 5470 9757 7499 4636 7135 590 9520 6753 6298 853 3140 3069 6271 9451 9874 5146 7643 8572 4263 6638 981 8772 3837 8289 5202 9519 8952 3291 4281 4221 8953 9998 1149 8063 4368 6785 2177 4185 838 2599 8275 9306 393 6269 7178 6160 8760 1678 8243 960 3901 4340 2240 2238 2055 9396 1374 2389 2858 7863 4395 8137 975 3683 9158 6140 7364 1180 2865 5875 5924 3281 5014 
3249 3854 8319 5010 5087 8360 1326 8185 4783 6082 1657 2446 2077 5466 5741 6498 4846 1163 5998 6850 9053 9539 3107 21 579 9546 3177 5618 24 3218 3173 9838 3057 4762 539 3451 5590 9152 5200 4064 5310 1176 6029 1702 8807 3294 423 699 3364 4856 5121 5662 4754 5388 4271 8480 4866 2928 3740 2618 2000 5155 4023 8493 5564 362 6245 9353 6002 6096 7350 2045 1843 8976 1330 4513 5372 7419 4454 7230 3854 4835 6296 6680 9471 170 1389 9324 8013 4517 9116 8810 3947 6725 4158 6604 4625 4554 1417 6225 
4004 4858 97 2457 5885 3040 1413 5623 5582 4764 811 3174 6347 7414 5986 2362 4536 7972 521 2508 3560 9016 605 9769 3580 9168 6201 8693 4887 5750 8101 8876 8877 6711 7646 6163 8784 6352 1837 2126 7495 4845 4507 8547 9951 8731 3053 9205 8628 286 6138 6086 9854 2054 6193 7407 6728 4427 6568 8306 13 9957 6404 8880 7221 5673 5221 7973 6994 9494 7429 5643 7304 5145 4971 5272 932 1647 7314 4559 4693 2590 5649 2111 7245 4644 8156 5632 6373 1562 1565 8728 4357 9227 8837 6781 6945 4507 8057 1349 
3514 7787 3405 9301 7766 679 4023 771 3826 4483 6625 6972 5201 3121 9907 3415 8406 5958 375 9068 1091 6433 7609 9414 6256 6381 4475 2862 6947 5615 210 7649 8268 5401 4664 4560 6442 9761 4457 5158 4571 358 3820 2738 4183 4227 8920 4328 3325 7978 5589 4910 8998 2470 9431 6214 379 8981 5171 783 2391 14 7119 1890 987 1850 3961 8169 1269 6638 7358 6299 5047 9456 4109 9396 2472 7811 3268 5647 3238 4330 3025 8488 9400 8051 557 9043 1798 2146 9536 5440 9284 7996 6779 3405 8855 511 5090 7874 
210 374 479 2471 7463 4663 1265 7095 4179 2845 4693 7629 8615 6959 1591 5102 708 3461 175 1523 5796 8120 2342 3890 5253 1254 7366 5642 9788 6029 2013 5808 5713 1607 1261 3405 763 810 4167 2274 6416 7025 9011 5307 6815 3625 3803 1591 9228 7382 5586 9817 7401 7324 5855 6586 3202 258 8479 1059 4107 7272 6916 9375 7395 8123 3703 7282 4107 105 8664 2613 2682 6445 3521 2936 1673 7874 2477 6972 3781 5077 1110 6360 775 6844 3730 7467 8335 1978 8251 5932 2440 6728 8228 4123 9464 9022 3579 1825 
1726 1813 478 8965 6004 6643 2571 1235 843 6285 7009 9058 8216 5753 7826 6109 9966 6256 8772 2922 290 9395 3640 9827 2916 8193 9960 9140 1442 6155 311 6254 9113 1828 3214 2704 6848 144 707 2585 3722 3331 1218 5263 4219 9654 42 9242 1078 1161 1645 187 955 2534 6800 1621 9047 9557 9191 6854 5830 2776 1441 5574 2823 3126 4055 6110 8970 2019 1773 1920 6041 5085 8217 3362 8321 483 3072 6308 4366 1783 2782 208 3789 9756 5867 1498 1372 1802 1237 5972 3281 5547 9865 4963 8121 7082 8310 7692 
7268 7618 6392 9407 2426 6692 1186 6062 3611 2290 1273 9228 7300 9590 9345 1087 1397 5025 2243 2813 8548 9526 4093 4815 4930 8174 4904 5870 4117 9529 7498 3156 9874 3210 1712 6514 5145 8582 1259 3467 4849 1863 561 9484 8537 3285 4070 6141 9555 2900 32 1679 7586 1797 8905 8647 7478 4648 5028 8521 3518 8470 2689 5203 8223 4544 1770 7268 1890 922 4689 6380 6663 1361 3263 774 3073 3970 4000 1424 2823 6749 5960 8093 2870 2918 1616 1196 3101 5896 9774 4140 8560 6605 3238 9938 9334 6442 6286 4644 
3011 2915 2799 7468 1379 2598 8995 3672 5446 6365 4807 4167 1388 2583 2696 4918 8698 4835 9738 2765 6229 4481 3773 5270 8481 494 5546 2626 744 4900 9177 937 4722 5099 6694 4376 5496 6000 4938 7377 8114 2880 4955 8417 9163 856 8460 9596 2881 2320 3855 9357 2744 4344 4836 2480 9650 5689 4366 8423 9819 2104 3572 9480 1690 9777 2490 1344 7890 3217 1612 1637 8115 9245 6581 8775 7822 2462 5631 9037 8150 5389 7242 3598 4512 9896 8839 4861 8294 8485 9526 1443 5976 5633 299 6821 2793 7196 347 5687 
3147 2067 2441 1541 8751 8525 9726 5211 5498 1219 7280 2616 4177 2549 7799 367 3214 2859 5649 4044 7901 1610 3245 9790 6982 9098 2571 2063 3459 3194 3137 5631 9238 3060 5880 2033 2114 3560 7448 4097 5228 488 9857 9395 5927 61 4450 9824 6640 2016 3453 813 4516 2538 6623 3685 7252 9266 4765 666 3654 7873 1602 6960 1875 1668 4554 8973 5728 5581 4064 7374 4012 261 5211 4150 4728 91 1429 9607 1161 767 2722 4064 4270 8937 427 8046 5768 7691 7263 3658 2072 1564 6259 8517 5105 6068 9407 6521 
3165 9747 5623 53 2701 2609 9605 7386 9610 5753 4216 7123 7237 5414 9431 3306 7471 7141 1743 4293 3511 2712 7860 9730 5526 1868 4365 7131 2840 7281 8129 1062 5588 5475 6915 8639 373 2325 901 4789 4670 1208 2138 7214 9325 5436 6293 3851 4084 3258 6311 4309 2748 4100 5407 6803 9711 6703 4701 2235 2385 86 2924 8498 5862 8042 6344 8148 9948 5839 2608 8329 4238 528 1051 2042 1826 8914 2176 7724 8207 838 6472 2563 306 2007 1083 5176 7529 7113 472 9 9306 3154 4131 5390 1742 1028 93 4708 
7336 5753 6799 1225 9310 8579 9763 7656 7521 2339 358 3493 5877 9337 9869 1446 8800 6255 9437 7467 1386 8411 1844 9937 2130 2532 3195 5384 1125 7123 1180 779 4572 8669 2746 6651 9704 6380 1385 2718 2328 5714 4193 9848 2260 1838 9796 948 4651 3524 9370 2981 1016 1896 5524 3313 542 8309 2766 3322 3365 5539 9913 8113 9355 6388 9618 5665 6707 4192 1582 5915 1993 4907 8673 4356 9237 343 7150 6607 5019 3960 5492 2682 8183 4211 2162 4873 5938 8934 9753 5959 7721 3438 440 7774 6779 7961 7724 4846 
4381 5952 3948 5462 5353 8516 8593 7197 1798 6999 4420 9888 8377 5060 5759 1050 3714 6477 1244 6302 1638 7833 9790 2919 8106 2049 4957 8709 4930 8829 2270 694 6837 7331 333 1296 7464 8799 3983 2754 9254 6159 6766 4810 2357 2670 6209 5673 1716 2490 9768 9574 5255 8139 5415 1636 2356 4002 2515 4587 3707 3464 4226 9471 2199 671 1713 2288 2916 6979 1275 3064 1540 2925 1803 3563 635 3107 8642 1476 422 899 6146 5064 7346 8901 9848 8943 5908 7675 2838 3634 1125 6997 182 972 1303 913 2983 1166 
8057 9083 6352 8847 4781 7994 6828 5826 4590 7657 3495 2163 6149 1299 5913 3934 6056 4889 1003 1929 6080 5195 5429 4703 3715 4918 5541 9105 6090 4952 2982 8079 4604 5874 2556 6193 5620 787 2503 7959 8759 3254 9789 5128 644 1645 6285 4577 8716 7189 2402 7509 6471 4589 8947 5410 4121 4604 3315 1054 9180 5872 9304 3591 806 745 3297 4395 383 328 3513 7729 2317 8314 3607 2980 3191 6231 2855 7711 4082 1017 6639 5668 5921 7489 822 5546 2033 5942 3927 8713 8672 4431 9628 5587 929 5498 293 6050 
8743 1107 594 6580 3854 3118 8112 2349 6017 8399 9184 2562 9598 8127 4147 3013 9566 5529 3282 6541 8948 2460 5296 5771 6396 1583 4038 1503 692 2934 2749 6909 6117 6159 9773 10000 1489 5439 7748 5450 1457 2671 9129 1939 4818 4192 2452 3733 386 3428 6427 3915 9000 7535 782 5963 7003 2872 6400 4361 199 1485 6947 7269 9757 4326 1290 1993 1191 3567 9961 2378 6229 1908 4228 8204 6658 2947 3602 948 2723 723 6585 7984 6497 80 5928 8181 2242 3617 8637 5061 460 3921 3667 3453 2089 5789 5664 3972 
6144 2208 6164 9800 2897 7129 3088 3618 5475 2527 3802 1018 126 8644 5837 2848 261 7671 7849 8589 1781 4882 813 9074 9133 3499 8077 4044 4782 89 532 1851 4303 3181 7145 281 6306 506 4862 2576 7633 8786 1063 5982 9804 2175 3383 4707 1864 4970 8898 6490 2695 6998 5900 1785 7524 3563 7256 3025 4412 7676 3312 1038 2860 4295 3736 1902 6477 5616 8732 9669 9292 3366 7958 9103 6851 4686 7001 8324 8414 7132 5173 7578 3240 7847 1352 6295 5512 1684 6996 148 8497 732 1089 662 6222 2056 9041 4181 
7837 6848 7170 5635 5780 5670 8841 5080 2978 4465 507 9724 3054 6858 7864 4933 5616 4467 4264 4567 7314 6170 6128 9016 7396 3230 9354 3261 3164 6997 5392 9638 482 3810 3336 124 7127 1168 377 3394 3271 9183 6190 3709 653 9617 7368 3771 9162 3805 9975 9113 1275 5219 6704 4839 2983 7147 5940 2555 8892 5737 7138 7709 9461 980 7475 7569 3003 4148 8144 8658 4628 3268 8493 3754 3363 845 9881 9013 9903 4736 5595 6735 1313 2458 3181 1748 6950 5168 6481 1374 3967 3484 2904 5971 9625 2968 5159 6995 
5255 529 8332 6762 1176 1569 3289 5398 3443 9363 1552 8597 5269 3412 7225 3035 418 891 6090 1364 8134 347 6905 870 5470 8301 7448 7654 1022 1682 2464 2198 1576 9761 467 5843 807 933 6485 6855 8762 6502 4009 6915 6898 7525 6384 7627 8462 337 3117 5003 1695 1981 7485 6882 8558 9313 410 3095 8674 6307 3054 6105 5118 783 9425 4722 8473 7262 1641 4694 9476 8380 3720 8096 4016 3455 9272 2748 7483 6650 7784 1975 9755 1384 7259 1090 2493 6842 4444 2529 2773 6776 8038 6531 8767 4845 9748 7285 
556 3727 8623 8257 1511 8890 3201 3865 2149 8169 4344 2418 7490 1471 2604 981 9178 1532 1891 2003 5283 2678 7328 6993 2485 7807 2171 9996 9314 220 4154 1160 5373 4568 4122 1693 245 2708 5913 2540 4454 8962 7615 5374 8905 7471 507 3956 602 1710 4945 4870 3804 5106 8897 8707 3479 7015 9184 361 8615 8053 2357 979 5877 6225 7483 5569 6572 7826 6079 1819 9815 9632 8294 5199 4382 2265 6335 7504 7580 1794 8520 3103 8343 5735 6602 828 4297 573 2191 2933 8402 1212 2169 8766 7944 6694 7253 3313 
7220 6908 7115 9270 5680 7580 547 2908 6550 2707 6530 8916 8984 6736 9467 6554 3397 3085 6462 5082 3587 984 2800 6577 4868 2206 8318 4048 4458 1743 7552 906 5529 7099 8470 3516 9044 4259 9554 9347 4871 1864 9812 5240 1730 4666 4362 3472 1349 9316 5921 9939 6997 4393 1308 1886 3719 4543 2792 9011 1033 1505 5544 5845 1295 6845 8845 2105 1079 2871 3432 144 5876 8998 7336 2984 1214 2072 411 2894 8632 5808 1096 7344 8145 1847 5405 2593 2404 1399 3118 4385 2877 8289 842 6668 170 9366 307 9182 
8411 2535 560 3828 875 1872 2666 380 5639 5128 8858 8128 6019 1710 5004 928 6009 1356 324 174 850 9196 8769 8874 7912 4555 4873 8489 3860 4770 7830 5394 3344 9771 9474 7181 86 3895 4175 4275 8321 345 9341 6982 2520 5295 2091 3109 5527 8929 1995 3425 3837 6361 2465 4407 5042 2753 3708 4207 6634 8499 4641 6573 5156 4305 4952 2641 862 6041 6815 7563 9179 7990 8256 7314 4574 7537 5800 8618 9832 7673 1955 5290 1648 2222 6875 778 4834 2302 2989 5586 1514 9563 1967 4817 4064 4637 8870 3489 
8931 1589 1860 1344 2734 6096 3265 2817 3358 7686 394 2235 7338 5964 948 3935 9293 5856 8162 4552 7243 8932 8659 3779 3048 4068 1020 7721 9341 1906 2088 9582 8720 1057 9676 1886 6405 2997 9108 117 4068 9260 225 8400 9161 9499 6089 7985 4049 3603 4332 6230 2348 2086 3132 4741 9837 368 412 4931 5533 2508 2277 7798 7357 1946 8988 8895 9351 6755 3793 6378 8361 2002 405 8631 6391 2674 1853 2480 7537 9177 5400 8343 1005 6077 336 2716 5459 4403 9779 4671 7422 5496 1952 9167 3506 888 254 5558 
5031 8750 2198 8130 195 363 5094 6457 4659 1390 9577 4810 4868 5918 3788 2477 3067 6678 6092 2819 4680 7561 8089 6588 9927 6545 4304 2479 9130 53 880 7817 9292 691 9371 6856 6433 5839 5972 7239 9956 516 8945 5174 5958 8444 7256 5397 779 2429 5976 3813 9539 828 871 4839 5325 3535 8776 9282 8263 2023 8290 528 3520 9894 6165 9301 2632 7159 3651 3817 508 4708 5902 5537 3934 4900 8207 7873 4149 2593 9254 2901 1852 9300 9312 9052 1564 5523 539 925 6793 4048 2448 1185 6036 6746 6206 2158 
4172 360 8503 6771 692 5160 2921 7288 3186 4803 3677 4323 8168 6498 6173 7922 6104 1477 537 8129 4349 2462 4767 9074 6992 9111 8828 795 5816 6390 1315 9706 8873 2327 1942 4855 4311 9012 9945 6678 7065 2476 7886 2668 786 4027 8554 9 4749 5971 1545 3712 8317 547 9997 9667 3308 5571 865 8706 5594 5096 4417 5730 8742 777 7175 4566 9677 5471 7048 8112 1467 5704 4703 8978 6405 8128 5577 8514 2407 6054 4297 3438 1992 4594 7383 6833 3261 7794 9427 6315 354 4901 9732 8365 9309 1018 4174 1497 
3110 6008 8696 8321 665 1214 36 4892 9320 4968 3787 8154 4970 7340 1234 5707 8367 8641 6311 9622 372 6983 1092 2393 3657 1406 8313 4529 1158 4490 632 9475 5726 3081 3255 3339 4272 1398 1759 3443 4286 4572 3670 6995 9365 4957 6305 2502 1349 3016 8677 6975 4807 1038 7761 8899 9691 3502 1478 9999 1364 4087 3445 861 7366 3724 2972 6458 2660 8449 8873 824 4207 2791 9059 3331 5178 5484 4583 293 5231 2272 5776 5635 6466 6382 5981 4813 9868 4208 5750 6429 9123 4545 8172 6116 5999 5187 1521 7212 
9006 7435 9743 6366 6222 8697 3606 2663 7613 7179 9117 9693 6225 9617 9861 1616 4121 9527 7131 1774 7546 5191 7856 8317 5120 5252 4108 3294 9306 3832 7309 9691 4367 9290 9029 2933 4016 5585 9627 1888 4333 8991 8556 8999 9338 6331 2736 2438 593 973 3442 3816 1755 7911 1716 9136 5182 2008 7353 1837 2752 6235 2780 470 2566 7959 6398 7407 6461 7287 6647 1682 6320 9223 4360 2068 3043 3497 137 7799 2057 5081 7003 4083 9620 6515 4980 4466 6635 9756 7951 3513 1174 2730 5724 8421 4700 6051 7463 5541 
4845 9 7384 2390 835 5083 281 2620 3363 364 8251 7691 6039 2319 826 2128 8405 336 828 8446 2640 1873 39 7393 3644 320 7793 2249 6882 463 8480 7386 288 1444 613 845 7373 9925 5833 9311 7794 5425 820 8607 8068 6469 9233 2580 6278 1967 1263 3215 8432 7718 3619 4333 9392 6570 6487 1991 3563 9519 1354 7755 8932 2569 9208 6339 1571 3255 3866 6776 6723 9682 913 3367 3787 9353 7226 8252 5123 9046 779 8978 9894 83 958 9889 6865 3740 3430 4479 9872 8416 9394 4135 7714 6950 4184 2496 
7428 4524 6010 4437 5828 541 6973 9492 6841 6413 9017 4997 1989 579 4344 6588 7385 3509 2114 8099 5830 4015 1683 985 6681 8162 2571 9951 9721 5019 3147 4475 5058 9448 8479 1240 5153 3783 9757 7292 1198 9913 5768 7144 9595 2854 6339 5540 1124 4001 5069 2702 8075 3485 9620 7756 4467 5524 7654 3022 2741 1465 7091 9151 8255 3906 3551 961 8872 8567 1178 7628 1865 6283 7341 4746 5636 5632 7203 1306 9099 9098 2999 7245 1219 9913 7752 2061 9791 5311 2347 1254 5239 9551 8974 7727 7628 6026 7237 2620 
230 4490 5487 4829 9591 3428 4823 6413 5825 4202 9566 9998 8270 9885 2288 6045 7495 4232 531 9322 1082 685 8443 1712 9477 3016 7004 9527 2659 5307 1087 2823 7527 2769 604 1126 6534 3980 8933 7625 1448 2845 9900 5386 7675 1866 7945 3336 3255 743 8471 2332 2027 3208 1930 6428 2821 1114 4279 1513 5572 3652 8335 5402 844 8587 1140 5342 7169 9950 390 2069 4010 6025 7071 4429 2669 2558 4622 6822 1144 5466 3268 7014 528 6657 8479 5618 4919 5371 5283 1348 5642 7746 3745 5271 3710 2999 9960 9007 
9999 3118 7902 3748 7578 4407 6171 376 3852 5637 7024 8781 7206 1453 8349 2892 6661 9564 8429 9789 2421 5810 5916 6821 9873 9781 645 8828 8287 1364 7986 183 2994 1136 7663 3385 2360 8464 8320 6658 543 9529 9816 1223 5943 8742 9729 3368 7424 277 3370 7597 6569 5650 9032 7266 68 9016 3282 793 8060 5104 5507 9673 2622 9889 6841 7825 9317 6358 8786 8821 1668 6523 9213 9511 4211 6778 1531 3258 4381 6975 6009 8560 5402 980 3751 9165 6196 3498 2567 3557 3844 6180 7664 9615 6587 1363 9530 3849 
8517 3330 5077 7665 9025 4798 807 2894 6821 8381 9114 5471 577 8091 4845 4977 4853 1350 3662 1582 9803 9247 6440 1196 2834 4888 422 5965 5352 9558 1470 23 5897 7424 1194 5792 5484 7070 5976 5097 3595 7651 698 6965 5765 753 3158 5743 7679 9342 426 9594 1032 1378 2245 4192 3363 6248 4996 8144 1292 8335 1093 1428 7587 2521 4304 5941 2587 4527 8929 202 3536 7393 1942 1669 3651 9214 6385 4073 7324 5713 6132 9851 6427 3689 1516 3056 3829 6337 9184 667 9214 4456 6285 2558 6107 4337 1823 5045 
4994 9777 9426 4909 3297 1898 6657 1333 4265 5315 9136 4522 9110 3164 461 3821 2093 1961 5773 8168 1161 8671 5503 2193 2410 9982 5231 9369 3389 6236 7071 9612 3401 2281 4745 1574 2482 7869 7685 1018 797 3892 7522 1740 3702 143 6901 3146 6458 8406 5294 8377 4952 4977 2624 986 9245 8911 9422 7150 3622 6006 7108 1374 5370 391 1946 4339 7981 1603 2038 2946 2368 4038 5110 5488 5687 5298 1049 3658 1838 9212 5555 1310 3991 7512 3098 7639 3535 4314 9175 5440 2609 4025 8477 3837 3813 2186 3167 3242 
9403 1309 3122 7834 4244 6470 232 3589 2665 5558 5709 3036 5446 2869 4517 6820 4083 7066 8229 5582 7580 1198 6034 7803 3985 3547 5412 9957 6711 2359 3664 3839 8292 6635 3970 9391 425 5028 8648 4688 501 8503 6046 9218 3079 6158 4780 6182 8495 5362 9733 3002 3299 9018 5553 9380 4293 8347 3717 2224 561 5791 3013 9285 6867 9882 7730 6788 3524 7117 5733 9400 126 6470 8326 1856 86 4777 7197 7095 2719 6002 299 2083 6755 9586 4835 4197 1701 7118 5990 6034 7479 7110 9648 2934 6729 2622 2066 7717 
6064 8521 7745 7677 4394 5004 7289 8305 51 3136 6001 107 5892 2883 8988 6066 808 2112 5444 5206 6181 6936 4148 7752 6571 3296 4136 6378 381 5602 3558 8827 9720 4692 6889 7126 8140 5428 5004 3657 2665 9862 3045 9342 1384 9942 8216 9127 7071 1419 3961 8251 5982 6214 8138 2458 1348 8075 4399 8206 2067 2700 1064 5644 747 3143 3946 4132 8869 7223 3358 8837 4167 4202 9135 1613 7575 9642 6918 8651 4471 4295 2262 2553 9716 1219 3693 2314 7197 4574 1431 9033 8784 4529 9823 5550 3776 8549 2598 2640 
2099 396 9879 1869 7367 6482 4059 1488 9486 3264 7744 1321 1585 9079 973 6544 9270 4894 2217 5142 4679 586 3837 1512 5704 5003 3674 4684 5719 7933 4527 6657 5140 4377 1111 9996 9316 1715 5207 1659 1129 1180 9260 3313 3581 1510 4726 9575 3117 8832 5450 6472 2483 785 90 5668 8187 5010 2174 9535 658 6858 8967 8642 5902 9085 1522 2231 467 3896 3185 7756 5649 231 6276 1956 9520 9460 8305 1550 2336 8137 5575 7617 2997 6957 1825 2764 9725 8144 1691 2400 2519 100 1712 2036 638 8702 3979 314 
6476 8211 9778 8402 1636 5438 3797 5244 5290 4691 7433 2961 1027 8798 6817 8473 952 7100 1727 6767 5725 8273 7728 8533 3154 9256 3403 4096 3918 3272 1978 5670 9815 7497 1858 1708 7892 2201 9358 3366 4827 1623 2319 6084 1956 5261 4047 887 2473 5881 8288 8757 5886 5819 8681 8523 4353 895 1080 3154 699 9714 7181 7919 296 4266 4398 87 9920 499 2223 2581 3886 7703 6047 8256 8265 7656 6310 6463 8045 7252 5463 8946 1771 5466 8577 84 5285 6504 9171 9177 7091 1701 3911 8440 9857 1781 3976 9202 
6429 4224 562 1323 6179 2495 6660 233 6364 9912 8131 6 99 3615 4455 5943 3506 6529 3833 9818 9697 2935 9713 6324 7678 6805 9362 496 1973 3600 9941 4051 6477 7792 4253 3580 1300 2474 2445 2385 9692 6459 702 6206 1571 3694 5773 3991 8606 7966 1950 2230 4931 3545 6436 4030 657 2613 2481 7852 4302 4071 5494 8045 5407 772 4245 382 8343 523 5012 7227 6177 2681 70 6866 2292 970 8798 4692 6507 7464 329 9101 1202 2145 3508 7045 5432 7660 5792 9099 7108 5452 6669 9946 8480 2956 1231 2088 
9122 5967 1009 7196 7575 2813 2885 9071 7716 8280 3557 3629 2971 9807 8951 9409 9538 378 6854 8900 4760 1956 9119 7392 6500 9705 2817 623 9514 7627 7216 8805 1910 354 549 8392 6300 5819 2971 7538 3868 72 2639 4919 2401 1504 6307 9098 1135 854 7252 4161 6767 6313 7070 8304 3740 9312 208 4178 3836 4090 8652 1592 3802 1119 9018 1165 6327 3129 4610 7923 1010 4652 8773 1386 9744 8308 7507 52 9001 1762 2234 2734 6921 6132 4080 8263 9638 1325 7114 5307 6351 6040 3644 7078 3215 1489 2829 5489 
2080 8625 5602 2598 6969 6777 3259 3538 7186 831 2421 4059 8452 3183 2260 8677 4005 2034 2869 3329 954 3809 8940 4264 7025 4484 9258 5207 497 8910 449 1029 1545 1072 6894 6053 7337 2852 1487 9988 9045 4763 6361 8768 6447 9707 6698 3226 2665 4762 8423 3874 9408 612 1360 5349 8001 4948 9946 7466 7961 5281 2608 4223 9440 6614 6238 7785 7379 7091 2888 816 9417 154 6305 6826 1896 2561 6706 4347 4990 467 949 8969 6476 2340 6438 6964 2640 9573 957 5302 7119 5968 1403 3249 8052 9559 9893 2079 
1022 5693 79 1693 9450 6155 7438 9011 2587 5661 8526 6132 5810 8142 6740 7856 3719 4031 7223 2545 8641 7651 1669 7361 9535 1037 8145 7795 6603 5562 6014 3563 6814 1628 8685 5637 8764 6900 4671 15 2998 2598 4966 9878 494 8082 8148 8393 7404 2021 7962 3020 3931 1870 3880 4913 525 6588 4013 4940 9222 3744 5687 482 7614 208 2058 1799 6824 3473 294 2306 4051 1644 362 3082 5328 3783 4548 9505 5528 8749 1032 8884 4436 4476 8559 9914 2023 5252 1836 635 2318 6140 8813 6265 9804 7965 4219 302 
9692 5090 7497 9979 7930 2763 1831 3605 7971 2318 5225 3318 5155 2075 5353 9921 1301 3557 8411 7116 2642 6951 5033 1836 3122 4670 2444 5569 5230 7135 3811 352 4340 7435 4073 4436 6705 555 6641 1425 9151 2956 1743 8866 2276 6681 1338 4970 7435 968 9073 725 3805 2547 8659 3907 566 1759 4412 9370 9713 9486 9957 9941 6346 4345 5703 7595 1172 2803 4441 321 4568 1826 9252 3994 8383 41 2084 7385 6548 507 5938 1137 6595 6323 4839 3689 1718 4230 5447 1505 9643 1160 9493 6513 9794 4163 1035 6880 
3337 488 3108 4481 5572 9708 3949 172 5534 9184 7766 4816 8822 9388 7005 7824 7258 815 6591 2203 8793 3827 6887 2291 4147 3910 4919 3394 3737 7355 3424 2968 531 7525 1343 1562 1253 1195 290 4347 1871 2968 4579 1481 6149 5908 1328 8806 1205 107 3745 3335 5470 650 5871 8868 1125 5931 2975 1812 4917 7398 9833 9542 7858 8874 4537 9127 4247 4440 5153 9716 4151 740 1634 9728 6235 6197 8873 4702 3228 4992 3687 5191 2667 5974 8724 2250 464 7696 2439 5276 6055 6884 9224 3382 8098 8743 5612 4407 
4043 7805 1315 2413 9021 4055 2691 9716 2590 3388 8491 1724 2996 5383 8535 4943 7450 8270 9107 6847 9228 2391 9520 7801 7827 1711 1773 2594 5306 8235 4915 9631 9903 5490 9891 7961 5913 4254 2059 9837 393 3094 4209 7837 5923 9853 6346 7831 3355 4503 8059 2909 8515 485 8848 3453 7526 7205 4362 1661 6725 7056 5210 7624 3387 6537 7538 9892 9565 8853 6377 1093 9728 756 8329 6470 6681 4714 9285 1266 3894 8563 4479 6872 4701 8610 4115 5208 5267 4527 8656 7635 7144 7853 72 9506 9655 8244 9063 3046 
2686 6386 2398 1673 8584 9594 1791 4156 3630 9148 6758 2219 4524 3873 825 5644 8023 6196 8372 6449 2988 7822 532 7828 8047 19 5579 7948 3189 8648 5542 4874 9230 3009 3228 7921 9782 418 1378 8782 7287 5845 6146 3843 1061 8098 9341 590 7541 3543 2954 2417 449 6673 4811 6860 27 2774 8230 872 7795 7780 7763 5424 8530 918 7322 8928 7296 8859 5963 4967 1056 4142 46 8203 4748 2169 9297 6347 1894 6751 8121 2412 4735 1374 3878 3745 449 1089 7240 5674 1274 5894 5180 2484 6818 5593 3487 9554 
9627 3316 5809 750 9001 58 1685 2872 8599 5409 5128 3798 9061 9938 7263 2687 3627 1369 5197 8178 3637 248 9108 941 1349 5430 6449 4637 5824 6993 8601 4224 2627 252 6847 8297 9782 6445 4525 2413 8592 200 8148 230 5934 4516 5321 754 1866 1639 2650 6097 8366 7078 5025 905 5100 1889 3423 9084 2558 2168 5336 8565 7146 7280 6152 4854 7898 1073 6611 2038 9629 1661 1867 2518 9697 8951 876 1611 5024 9049 2536 8928 5584 7690 5196 8124 6938 9939 9597 255 4556 3008 879 3310 9852 6365 1566 7304 
5607 2061 6035 5652 4042 7102 1928 2736 1852 4142 8923 8844 8563 4829 8358 3132 5359 7557 2341 8220 3131 564 6446 595 1451 701 8018 1807 9215 8691 1463 4410 6086 3681 9303 7428 3352 2580 1815 6760 3994 4424 2978 7307 3127 4282 1028 8668 5167 2996 2266 2006 8421 3980 2585 7940 8012 4305 7380 6855 8176 9487 6682 1966 5763 1838 3994 4313 2860 1848 4669 7516 3030 7588 4664 3678 9452 1999 5658 6216 5513 9582 6681 3066 6249 3676 1694 7056 7274 2465 5120 9477 1224 6743 4662 4916 3964 7812 2478 9265 
4586 1480 3991 5620 7900 137 5679 2303 5122 5974 6756 6695 97 9221 5295 4542 1103 2242 1268 7458 8867 8854 8425 4955 2592 4905 7632 160 2397 5114 3211 8206 1038 4913 2010 2227 4328 9592 255 589 8833 4745 2945 9258 6888 4291 6490 2520 9320 7115 3602 6519 8833 3410 5583 5002 5795 2933 7658 8503 184 4853 6638 5304 6382 1510 6359 3225 7114 191 8929 1809 4992 3128 1784 2740 4251 691 7524 2619 6746 508 4366 126 1260 5823 2464 8409 7354 2043 7930 4424 1465 5441 1656 5561 9500 440 657 1103 
9766 9568 1265 5047 5031 555 5928 9230 5328 5973 5132 7802 2426 4902 5649 704 3043 7956 3052 9031 6751 3243 3686 8277 2083 3878 5973 76 9180 7649 3146 6021 3501 219 2752 632 9139 1927 7898 1157 1355 5919 3955 4624 3263 3293 6651 6032 1177 8557 2024 4522 9566 8103 8019 3097 786 1876 2021 1357 7506 3601 7460 344 5715 9856 3136 8887 9844 7057 792 1761 7446 3374 2833 5215 4343 8443 9956 8262 4252 3248 8433 2728 2082 2809 2578 8066 1067 6611 6456 1089 9827 1202 1034 7664 8804 192 8206 5729 
5624 1090 4784 1621 1560 9899 1105 5796 9645 4046 9673 3937 2416 4655 7275 4039 3540 2436 734 3923 2555 1511 7788 4800 5583 4863 4828 3246 5297 2062 8386 1421 8617 5335 3052 6370 8407 6375 7963 8670 3013 7802 1922 3418 6581 5197 9923 6017 9802 7995 7943 5003 2865 1869 2783 3153 6092 1751 2115 6161 6383 8786 1760 3367 80 5721 5065 5300 1464 3404 1801 9418 2796 7599 5615 515 7943 7045 5390 7425 8025 8055 2181 3386 8760 7634 1724 7567 4302 6509 4895 7076 2286 1357 4815 1181 8564 5474 5394 8312 
6413 5449 7011 6162 4152 3994 3648 2979 1996 39 6400 1814 2793 2366 9592 8114 4228 6739 6269 3608 9491 5664 4635 8015 7144 4755 7200 9443 6609 4332 9029 5552 4089 8512 8462 2667 6806 9820 9443 7299 6300 4166 7414 8373 18 2641 4718 6265 5227 7336 4488 328 3859 3225 8263 1835 7893 6345 9166 4101 4885 4187 2005 8443 4573 3022 4292 4818 6703 9381 7699 8739 4290 7321 461 6987 7483 9404 7853 7527 2778 3403 4206 4998 7913 1061 9060 290 804 8732 7690 7538 753 404 7682 8570 809 3021 5325 317 
6138 9646 9986 988 6993 2731 5503 5796 450 5053 9317 2467 7464 6270 5191 2863 4979 7144 1077 2228 7577 574 2839 4462 332 3173 325 3137 5198 9109 3609 3876 2168 2519 8046 6696 8399 221 2927 6960 4491 9193 3810 4332 1658 4734 6708 9389 4442 510 5469 5742 8266 8884 6266 9398 6873 9782 2151 2868 5659 7579 2174 2020 680 3132 8757 9014 158 5547 3529 2824 3687 9051 4399 7297 3075 7958 3813 4135 2827 8326 5699 109 9899 1663 6737 9195 6385 1166 1905 8884 8106 4186 408 1147 1026 8325 1450 3229 
8349 380 6426 1988 2243 9315 7108 3506 5133 4215 6882 7470 6599 9775 4723 3035 5500 353 4034 3109 4788 349 4117 4695 3657 5881 1959 5003 6957 1595 3323 8602 313 148 1034 4511 4132 7695 8806 3554 1460 7015 2551 3709 9299 904 9444 5778 1024 9262 7827 2281 2211 7074 1638 5237 9747 9269 6292 2471 6361 2438 808 3437 8116 6503 4 849 4630 3053 3512 8916 5815 4798 1474 9228 9330 9076 1211 6959 879 2267 7630 7468 4249 8695 7424 5523 8402 4998 3464 6721 8848 6922 1814 3840 5686 2604 6554 9102 
444 1038 6663 2135 3660 5856 1572 2000 465 8873 9181 5213 3141 8772 628 8154 4450 2501 6063 2966 8662 7922 3190 4232 3251 2326 2128 2409 4905 6843 3465 2145 9376 5169 1252 5962 1614 5682 4373 8771 9938 5422 8767 3242 3 4395 5807 7710 9309 3539 9467 1210 4957 7900 2054 1105 3996 133 8569 3074 8973 7149 2708 300 7616 9666 6547 5532 9259 387 6975 6246 4165 3360 1190 5798 6078 3217 9156 9103 3405 5826 7069 1600 1476 3407 9222 8840 338 1410 8392 8789 6077 4578 2450 4224 9070 5193 8692 2920 
2640 717 7017 6587 6255 3738 6045 1979 9189 2640 5153 9272 1342 9922 665 1731 1821 2000 264 2013 5430 9310 5089 9262 9071 5119 3637 5417 7721 8478 4704 5007 8401 547 1401 9502 1344 6712 8418 4772 9838 3737 7477 6355 3697 3021 6684 4579 854 5048 4867 6509 8860 5651 7488 5844 1655 3518 5424 6374 3778 6636 2777 2295 5664 4064 8989 9149 3768 8697 719 1699 6965 5376 4412 3406 6772 9741 6022 6881 5055 1478 5860 7572 6602 4683 82 2732 9336 9216 560 5056 6610 6041 3782 4976 3852 9908 2171 5526 
2500 8446 8386 8101 6201 9143 166 9250 392 3134 6416 5742 7576 6549 310 8587 656 8558 5044 2981 6857 9354 6905 4484 379 9763 9135 6133 5727 7621 9522 9997 3439 1227 6279 5817 189 1838 1416 9247 3286 5534 2338 4973 1173 5865 3376 5946 2449 6492 9702 8732 3370 7423 6891 4954 6599 6422 8699 7318 7784 5909 6527 3302 2024 4268 5123 340 1056 6687 6006 5117 3205 6654 4284 86 3018 2039 675 7194 8096 191 1977 9265 3978 9482 3012 2478 8277 4007 5329 1678 4444 1373 3402 4293 7016 2621 3393 6090 
2438 3213 4569 688 6856 9046 9998 2241 7875 7174 9651 2001 3021 595 2915 2439 3326 2750 7777 7420 6716 7371 3309 9838 8377 4567 423 1529 6737 4397 4402 7273 6388 7098 7434 7479 2992 8148 3156 9425 2334 9323 5851 4733 8511 9017 5618 4010 160 2503 2892 2823 5223 1303 1846 9012 7867 8198 8491 3078 900 4995 5104 6922 528 7139 1379 5919 8669 1244 111 6754 2451 7739 4456 2628 4253 1610 4387 3970 2039 8961 9459 6802 8205 7538 5552 9823 4285 1930 7811 3142 8682 1326 6876 4561 5561 6654 1160 4810 
9014 7911 1588 6294 3696 1313 982 4596 8702 3087 7078 4206 4902 2778 2757 2288 1528 8017 8405 7314 9672 1917 9270 3596 9203 9081 403 5639 8648 4659 4978 8283 8183 8902 4944 5336 5390 213 9681 6772 7326 6685 2542 2800 5728 6459 8449 5559 8292 2121 951 5991 9263 3150 6921 6610 4278 4965 2463 7418 3372 427 5622 5017 746 2586 5586 9341 2613 6336 9112 3980 3538 3578 5625 5550 2053 6207 30 3250 249 4724 4848 213 1824 8258 415 767 6858 3433 930 8979 7209 7081 1575 9652 9966 933 2097 5404 
2333 5733 9774 9893 6866 6530 3000 5172 2147 54 2895 9775 8035 310 7916 6882 9974 9080 1736 9340 3176 5526 5530 4608 7041 880 3203 4617 1986 6132 5914 6637 2157 1682 7134 5923 5887 4206 4912 6535 2087 8002 674 1313 6470 5149 8334 3133 8041 9218 4649 5841 3477 8181 6146 4410 4108 9004 816 169 2146 6936 7200 1842 229 5665 4871 6280 8528 643 9816 2237 5637 5909 1675 89 942 9730 1867 7465 7687 689 9893 8042 6737 2855 5052 8691 2064 5006 2434 3259 804 2852 8945 2443 76 4716 1825 4275 
8385 5199 4937 5154 6948 8318 6818 6054 2008 790 1428 6265 1330 4922 8831 5126 9064 4202 4496 3607 621 2261 3886 9857 3045 2461 2469 8823 5815 7051 6406 7255 607 4961 1835 5868 4951 8494 1879 8403 4633 5892 6876 5421 2356 5865 7557 6814 2856 2480 9877 9466 3817 9636 4000 2217 8350 1609 3219 3410 1279 5437 1564 4737 430 8524 3322 3212 9656 4564 8244 7 7178 1504 3959 243 6545 5638 3180 667 5778 9271 6040 1786 8528 659 6099 1932 8294 7028 8466 2798 9772 1712 9611 5606 3832 8482 3838 1885 
447 493 6685 1909 7552 9177 753 4908 420 4875 7373 9829 9515 6430 947 5957 5727 3874 9907 9817 1150 5462 8108 3762 2712 4223 4879 898 6172 5778 8091 2431 3204 242 1259 821 8305 2446 5358 8494 5709 6199 573 6606 3676 7376 8368 2126 6189 6715 2714 8590 2402 1832 128 6154 4458 5291 2766 4631 996 5212 4794 7979 2185 1256 392 1696 5128 1057 8618 5327 5281 5695 7874 6739 2192 338 5991 2831 5669 4803 7340 2164 2619 4281 4804 421 7998 7403 1014 9694 1495 4980 1749 340 5268 2249 1420 7044 
9502 9447 2127 569 5092 6646 8904 3256 8959 360 1300 6731 1667 1435 3423 3952 9430 3093 2675 4595 7510 3385 4476 2132 9464 1707 369 1711 8942 1375 1447 3295 762 5631 5290 2914 2789 5347 4881 3947 9164 2685 4008 554 4854 3510 2319 8311 9325 4950 4410 3591 8571 6832 2018 3369 2687 7560 289 8664 4811 6608 3684 7076 3192 8481 2609 7456 2123 1915 3488 822 9269 7125 3178 4944 8769 297 201 2415 53 5586 7397 5773 4841 8387 5724 2619 1549 4546 1597 4724 998 8996 4829 1706 5730 1827 7476 847 
6209 4486 8996 535 5829 588 7293 5101 3801 2196 3885 9742 2025 9826 1072 3394 7646 9000 5769 9746 2722 4434 5252 3844 7123 8630 298 5903 6252 5404 1217 4666 7279 3774 9417 4447 1040 8762 7424 7296 9526 1912 8440 9238 8250 3824 8736 8313 8489 4397 4102 4992 7806 215 3723 8112 9737 3250 6022 3937 7808 4844 8454 2928 2368 7788 799 2740 2559 2970 2142 5928 976 1066 7060 8991 1891 7395 5759 8326 7491 8047 2853 2544 5418 1885 9117 6889 2024 1341 9975 1173 4144 2887 7247 2852 8630 9182 4266 3236 
2224 7616 2869 6584 5546 407 68 5250 4970 8122 9667 1556 9516 6138 2466 8408 7900 7030 2024 7561 5039 4457 311 2201 8401 104 7333 963 5610 449 2129 5306 5151 1040 6266 1934 6525 9766 346 7604 4699 2202 4510 8162 9520 4354 6349 818 2882 1302 2768 6190 5707 8338 1003 1339 9140 460 8842 5163 8716 7562 1903 7591 1530 8279 9800 457 811 7699 1349 2724 9414 6130 5642 7012 2381 7161 2389 3587 9184 8600 1223 6010 4355 6494 7620 7641 3682 7368 3837 533 2693 5519 6394 6091 4533 2241 3138 3976 
4339 648 9373 2261 9073 7811 6968 6949 4602 9444 5729 3412 888 8284 2522 4098 856 9439 9456 3780 196 7500 3070 8157 5106 9809 2642 9464 473 9212 4809 4232 7034 5167 5637 9244 9247 7001 3981 4360 6004 2863 1277 6062 171 9573 3643 6289 505 484 6922 6534 3176 4878 8709 3585 7168 5773 8102 7145 8131 1842 4853 6663 4663 6101 3593 2184 9438 2685 8294 9009 3236 9427 2618 7272 4776 3930 2789 6753 1706 665 3747 5215 7294 5920 8453 3511 2998 378 2868 7734 4714 3874 6783 3749 2568 9076 8308 3370 
2765 2953 4456 6684 9886 8857 9106 9242 7435 3047 6010 7626 1840 5458 2504 7390 4264 1434 7175 4954 749 1964 3156 2935 430 8707 7148 236 3697 5682 1936 3954 8741 6846 97 4806 8785 6466 9947 8534 6232 8027 6060 4247 5152 2724 4298 858 4596 478 7133 3080 3861 9191 6230 2774 9950 5837 2005 8506 7218 6328 8501 6671 9291 9221 5149 7934 78 668 8423 9299 2044 1444 781 6029 4326 2870 4107 1273 9534 6261 7332 2124 9461 316 7522 9387 7769 8107 8383 7828 4952 5767 2976 2689 8845 2689 4747 4287 
3096 2709 2247 1437 3770 4815 1172 1195 2753 9111 5287 9523 3746 2772 7941 2879 9142 600 7734 2736 3319 2491 9660 8291 1598 6239 3387 8686 8352 530 681 4571 3617 9719 6410 3323 117 860 1797 1828 9153 4358 8056 5017 8395 1748 5939 4049 9397 9378 4123 7158 2110 2835 5417 5226 5172 2112 1953 4433 6154 9722 9486 8749 9323 5478 8437 9490 162 2232 5945 1853 9382 878 5786 5688 2410 136 8220 6605 2789 8560 7382 1828 7609 6495 6877 6483 870 9360 4331 1378 8431 7968 8401 6381 4815 8191 748 3691 
3602 1649 2600 7278 6448 6823 3988 5017 3865 6723 613 5905 7927 7587 3661 2880 9394 1140 6188 6759 869 4439 2819 5865 9104 5401 7486 1271 105 6874 9183 7508 5308 9170 4253 5067 4194 2410 8699 2311 8946 4297 2854 993 9309 4414 2995 4476 9075 7269 5811 713 2178 7211 6611 4114 4229 1730 8290 4466 3308 108 1873 3043 4568 6291 6679 8653 3960 7490 5236 8272 6985 2080 7571 6689 5132 3548 1925 9617 377 5183 786 8159 4231 3137 1689 7183 2197 2628 6895 9880 4507 5251 935 8469 2056 960 5989 8636 
8541 4251 7257 6905 7590 5511 2592 9973 5981 2216 4327 1738 8202 368 5228 1133 8762 1181 8785 6759 5683 2631 2388 8191 6486 1557 4067 7194 7759 1533 8180 6104 8124 7406 1588 5 9729 4768 924 3536 5631 1573 5086 3281 3881 2626 854 3675 8053 9878 7275 3195 8385 6483 155 2040 8427 3721 9968 3523 7652 1180 6742 9105 154 5368 7290 6327 4947 4965 6864 8006 1516 5984 4038 8164 8575 227 232 9554 8840 9594 9792 4959 2790 3755 9254 8457 8902 9343 3500 8484 5999 6504 2570 5718 8774 6508 7577 7061 
9262 9516 2791 7612 2186 9566 1352 5478 6578 2722 9893 5495 3565 6292 7359 2852 8792 980 7682 8699 3479 1676 257 2643 1558 3322 2020 9965 1363 2546 3023 9642 8028 723 4567 492 8455 5062 6325 898 8332 6416 2991 4361 7718 6879 3544 6588 2623 6722 1762 426 4147 892 5361 7365 6876 5140 6462 6271 864 9767 5072 8438 5388 1060 6517 4593 9397 1415 6178 6246 8485 2385 8945 3122 8410 456 5218 1399 6915 3182 6338 6711 5505 6291 6652 9778 3784 1563 8083 3830 2352 5334 3346 8504 1601 4377 5419 9531 
3260 2204 2563 3611 8963 4479 395 3709 6847 3848 5535 4142 9040 3941 7296 4342 118 6957 4432 6474 5658 9126 6860 7553 6771 9559 7443 6505 8553 2343 3121 6071 6685 4063 1563 4445 2129 4948 6691 5617 6071 3374 4139 1576 4652 3342 9724 7335 2599 3992 1365 3912 2404 9236 2347 8297 8089 3743 1353 971 6987 3451 2049 3082 8148 9512 958 162 4558 3191 2037 7229 9952 2071 8029 5577 1070 4483 9464 1400 3604 3487 8752 7476 9581 1703 7788 5282 9965 1570 853 3037 3532 6868 7958 8329 1207 1229 8197 216 
3732 2408 205 8302 2272 6532 8467 6760 3865 4304 4591 94 835 1923 3151 3945 5586 9151 6982 8667 7676 3574 4839 4526 8557 8612 2653 7473 2551 9421 4930 6965 1329 6554 2169 5928 150 190 9546 9350 5881 4527 5118 3853 925 2804 533 6395 3203 3381 9814 8845 9494 5182 3110 2327 1643 5962 5708 5684 6119 9850 812 583 3337 4295 4044 1712 2902 2272 3523 5069 401 5297 8133 6527 2463 84 1284 321 4506 9796 5174 2389 6423 9150 5228 4171 9000 1439 3659 8487 813 5672 8003 8683 3109 9934 3629 9261 
