4220 7068 6557 7177 5101 5351 9541 925 2061 8050 1570 2504 42 8418 1835 8185 9629 1788 4295 356 1016 6386 7918 6933 350 5461 479 3335 9091 4177 7236 4945 4635 8170 8416 7888 5229 6196 4685 5480 5858 337 5033 4852 1867 535 6960 1251 3094 5965 9161 4404 4547 3941 6159 2721 3740 2822 3438 1319 4935 3034 3588 6768 4675 710 6423 5399 5713 4019 7216 8473 5526 541 2008 4152 6473 764 2039 8855 5444 6670 3407 6084 6 8400 7436 834 4567 9882 4525 3529 2381 6832 608 1502 2950 7056 635 2364 
9107 2889 7884 4129 4752 281 9095 9621 1658 9954 336 46 3915 5724 9366 2789 3991 9996 4229 6177 4665 6019 1143 7231 9453 3866 7483 5372 6086 7451 2181 6256 8810 753 6160 6961 3565 1614 6092 2583 3295 5858 3456 4690 8931 8187 4309 842 1345 1442 5094 928 9257 1297 2776 7114 4772 8960 5768 7796 95 5637 8765 3280 1681 9591 9453 3475 18 6280 992 2782 5473 2873 9634 3853 653 3396 7816 3256 3124 8340 7477 443 8185 7938 9621 1807 5425 7496 7610 2126 2393 5016 6307 2271 1864 2996 3735 8390 
14 98 9765 8086 6290 4497 6941 4740 663 1351 8701 355 750 7950 6820 9669 1746 9270 8797 1157 4657 4632 2945 9930 3407 7049 5685 8047 9598 6027 2470 2757 8001 3200 3689 8718 2613 7550 2144 1283 7338 4363 1526 3571 7061 8586 4223 7332 9694 5092 4173 9638 3198 984 6760 2810 7263 2756 4833 5114 1871 8079 5352 6351 5484 6538 6745 7419 9160 9759 372 5736 3771 5996 7161 7930 5696 3272 5639 3493 2420 6525 9464 4618 2121 5939 9400 3525 438 3004 9264 8575 8699 2379 9474 1328 1333 2449 4236 7232 
4610 9108 3787 5759 2222 4143 5083 8054 5103 3239 3361 1452 1347 2318 874 2666 6597 900 4881 1184 9022 55 9158 9796 519 3375 7695 3032 3377 1218 5160 4725 648 4723 9818 7554 8731 7565 1449 63 1575 7463 1811 2461 2471 9233 3021 5703 5770 3149 9033 9144 5545 9594 5 7654 6733 9999 2849 3384 3304 2059 9959 991 7915 8738 4772 7870 9906 7936 3558 1704 4805 4008 3417 5596 578 856 3991 5664 9858 4394 8747 4249 8951 1595 3155 8715 7100 9278 9751 6423 5053 9839 2518 3319 8978 5258 8582 716 
9381 8913 2958 220 6292 9330 4796 5347 3922 4274 2333 9653 6470 8632 7958 2136 5805 8166 1928 7364 482 1885 5153 9565 7581 3873 3952 8607 5758 3266 9442 1440 4624 9644 7716 3598 2060 6526 9412 167 3261 6310 1987 2847 5413 6830 151 3784 1532 1776 8661 9581 4329 7363 2003 8729 7213 9350 3377 7298 9489 522 1371 5896 6599 2788 3738 1307 7156 7332 4128 6358 7729 7547 2433 9227 9498 4217 5169 5098 7424 7683 1789 5005 4518 4149 3508 9686 122 1616 4875 3506 4514 6609 8648 3735 9573 8778 4554 5883 
4497 2414 9097 1396 1134 3592 5025 4142 5759 1394 2703 739 5846 7936 8588 8341 3005 9727 6616 947 5312 8968 3328 4055 869 5491 9293 4313 7158 9162 553 7105 9921 6045 2917 7209 5415 1676 3488 8330 3387 2596 5108 9140 7567 9744 8168 9823 7770 3436 6489 1382 8243 2587 3382 7319 9920 1498 7968 578 1121 3866 2265 1765 664 8905 3911 939 5006 8282 9254 2516 9642 8127 9690 5148 8673 7141 9908 8407 8244 4317 4745 679 2861 3148 3180 4550 6101 6344 3675 2300 6856 1705 2601 8869 518 3888 6140 3294 
147 7393 9060 9846 9515 855 5288 4627 9359 6339 1909 1458 914 336 6655 9477 8868 5208 5748 3637 3494 9183 8691 1334 427 3230 451 8223 8790 1211 1906 3359 8670 6960 977 1938 5848 3044 2547 3451 8092 381 7481 4734 8112 2316 7958 4964 7004 1107 9511 5469 2995 691 5388 5262 696 829 4605 584 3038 8102 6855 7186 1658 6216 2921 3563 1881 7578 20 3660 7875 3744 3401 5935 4451 2036 7565 7240 3428 2878 4031 4665 8165 473 4507 9114 6170 6083 5889 4791 2503 4496 2562 2882 5085 4505 3653 3322 
7128 1141 2504 9886 4734 6917 8185 518 734 7156 8192 4143 4064 2381 1375 5061 6649 4648 6053 1679 5152 7167 6552 4516 2508 8193 3194 7498 7699 9733 2930 196 3886 7522 9855 7176 4409 9412 4353 9686 8545 5092 2761 1885 9011 5971 4824 6658 34 5361 5711 2968 1211 3155 4203 9258 5775 8139 5120 7905 4094 8063 5184 2511 6941 5672 2641 4134 2378 7714 5032 4111 744 4299 3380 6420 762 620 7509 1241 6679 8998 4809 9307 8895 4608 2575 2463 6225 3792 9387 7202 3248 6793 6182 2681 3937 2608 431 4509 
3302 4927 2973 5728 7416 5215 6780 7057 7452 7209 834 2434 1989 7085 5821 4260 8052 6552 8692 7482 5731 9157 9742 3635 1591 274 6760 2650 9489 7020 5349 1788 6164 4698 175 7285 5773 3427 7579 4017 6803 5539 5766 7583 8322 9194 4243 235 130 1638 3835 7876 1787 794 2339 8332 2610 6496 8723 3965 5399 3592 9168 4644 4886 7269 9223 5645 5552 4441 6403 7280 3881 3702 5398 3002 2175 8409 4040 6402 7124 6097 1818 1446 9663 738 6695 8601 6917 4476 7004 7818 4330 9801 8076 5864 2354 8526 1014 9651 
9871 9517 3171 8524 4889 4873 1129 5213 3637 4101 3026 9238 4526 2038 9604 6655 9699 5042 2450 9847 1072 2556 9994 1391 8651 3918 2740 2788 2247 4047 8042 4502 3147 6747 4702 3960 552 8083 5563 2021 623 9736 7383 4609 8802 4830 2314 5093 8488 2496 5633 7237 4694 2250 9968 7403 3409 9203 8467 6042 3845 8166 1955 574 8455 7467 950 5952 2469 8956 6235 6895 5659 2664 1587 5778 12 5527 7470 6077 4617 3631 7502 2117 1930 8763 5260 253 4864 7642 3465 738 1898 3716 4036 502 6616 6732 8405 1814 
9772 6183 8616 1046 1239 9737 7953 23 1640 3297 5366 8184 2420 7942 9721 8820 998 2149 4517 6036 7001 6187 7183 3281 7281 5767 2717 8493 4489 199 5820 1188 9323 8460 9241 5173 2834 5003 4573 7091 2289 5437 7430 5186 6320 7314 2435 1928 6211 8570 6138 569 6098 8254 5856 4890 9764 2521 7205 8805 4730 4960 742 1867 6407 7758 7514 5800 9635 6852 339 4524 6953 208 2575 3429 5222 464 6041 6373 2226 9285 6958 7250 8475 9305 9548 2171 3608 8784 397 5977 5242 7862 5328 1335 2955 8842 2407 8032 
2255 8812 7947 5237 3749 1582 5715 608 9604 7999 155 4588 7151 7559 5616 5859 3365 6204 8678 5967 7942 3629 5902 6580 3292 8741 2896 6663 3542 7991 8881 3638 325 8993 9012 4915 6846 9573 3729 1513 9253 3967 8204 2093 5700 8907 3246 8745 659 4327 1530 5339 7601 5045 2079 8676 4898 5265 5447 3383 7664 640 1793 5490 7356 7577 95 9676 1768 4628 9882 3081 8271 7687 3426 8073 6933 4820 3518 1692 8920 8221 3546 7155 7818 9648 483 5966 2718 724 5315 6793 2477 5968 6663 1690 845 2901 4360 817 
6864 6252 5946 4472 5394 8856 246 6769 4532 5945 3877 9735 9062 6019 4774 3109 4074 6821 4418 396 6924 3794 6413 481 4244 4714 7365 4203 3921 1734 1165 3531 9976 595 6467 7658 8060 7505 3077 8728 3856 3874 315 2240 7188 5970 8577 7385 9197 3306 7109 5822 9265 6089 6045 2254 9561 9177 7721 8911 1834 7547 1166 7659 4783 7042 5086 1392 7391 753 6709 1454 80 6927 2122 3525 332 5461 3965 9866 2996 4367 9933 1406 8830 560 1498 3688 4164 8913 8796 6527 2320 9957 7418 4125 9773 3179 978 1876 
709 134 5256 6482 1681 4585 7069 9354 2495 359 4123 3530 3637 675 1539 6678 7066 6682 7733 8487 1437 4753 1283 6926 1918 2538 3872 8030 7701 9854 2015 6934 9961 2869 7127 2026 6979 2341 7497 777 9014 6386 8099 9396 8885 4548 3728 2695 2694 4580 1912 1145 919 7223 3166 8289 1910 4581 4275 2543 8515 5264 8008 762 6280 3356 3765 6202 8766 2529 3065 6441 8047 7350 5144 9858 6734 4844 5769 2762 3263 8232 9395 7890 6559 8646 237 8215 9223 2181 1529 8100 4786 2513 5634 6522 875 2958 8618 532 
8524 3348 6085 2652 466 9957 4509 7285 6220 440 8276 2231 5798 3654 3822 6729 3904 6111 1336 1344 9658 1647 7639 7547 6300 7160 9563 2858 3085 9791 4261 5691 5099 3161 3972 8503 1602 6807 2233 612 4961 3980 8044 5693 2133 4479 2055 8818 2538 9442 6831 4237 988 5480 9869 8565 7972 8012 7314 9091 1142 2879 3202 4622 9767 4942 1564 5663 1936 6556 590 3703 6401 7453 573 2150 9843 7004 9416 1435 1002 5780 7112 5919 8698 3669 3123 7665 7879 5078 3101 2016 4797 8491 4497 8999 6310 2016 6197 652 
1903 6078 2542 6413 6636 523 2984 9170 9653 9440 3563 9778 3721 771 2024 1172 3818 1869 9992 7770 9527 7031 6827 980 3901 1066 1320 3625 4734 9323 1613 2503 1282 2006 1690 6469 992 1601 4284 4098 6590 5417 1562 7871 8182 1776 3288 4773 6550 6956 3749 1441 8786 7670 1455 6697 5696 7924 6493 16 5625 1391 5902 7900 1508 2865 6105 4434 8243 3562 7808 8619 2970 4085 2194 4551 4164 4198 6351 1756 4301 9085 6196 7025 5580 4436 248 5030 9332 6543 6373 18 1690 3369 9370 3863 485 8343 3302 7875 
2358 7074 8535 3491 6588 575 6084 3120 6280 1859 9620 7686 3955 5519 8806 872 5343 4519 8308 2676 3066 9108 4386 3827 3370 5626 3328 5753 8884 9952 9606 6222 3527 9487 50 911 6942 5642 9616 1436 6126 3820 7990 8711 217 2042 4035 8357 6898 9691 6728 6169 3821 6747 425 7681 6774 6241 2892 6045 5374 4742 1165 4876 4897 5036 3102 2023 2009 9105 2982 785 6786 2296 1399 9619 5800 1699 6672 5319 2490 2780 8548 7858 6183 1630 9367 360 1078 4097 7611 3476 6680 1719 2967 7516 4046 3277 150 2093 
9457 652 7344 2176 3784 4497 1171 2448 6271 1146 6248 1695 8665 3696 1523 2387 2078 4618 3818 9162 9583 1147 5813 7669 9120 7080 3462 2673 2513 8989 146 6244 4094 598 3170 4209 3825 1053 6730 9019 8140 5019 7212 9389 2726 8350 3138 1933 9793 1563 6522 5922 8275 5190 3498 1630 2250 7706 5960 2760 6102 3977 4770 5065 7844 9132 2475 1919 4873 8211 9949 5722 4978 5053 7090 6756 6254 7316 6644 633 1425 1229 1455 441 983 3970 2488 5092 1262 3610 9880 3288 371 893 4620 2168 5906 7554 7849 6038 
2021 3967 8295 3230 6511 3723 9138 5541 7458 3152 3182 1299 1293 6299 7927 1010 9008 1862 708 1105 7997 547 729 8114 3504 1334 9329 6562 5021 5182 8369 241 4301 3663 536 8609 9248 7709 1477 7035 522 460 3025 9567 7654 4704 1485 1715 855 2368 5832 2635 760 5027 9382 3658 8102 6833 4487 4385 6907 2169 5697 6968 5686 8036 5421 548 3325 4294 6502 9767 4744 1628 3011 573 9920 9873 4546 6700 8232 9348 2411 2231 1537 524 1063 5963 1320 6924 4748 9827 97 8885 2724 9112 7994 6962 9197 1977 
2280 74 3635 3449 4036 5547 3578 669 5405 2204 5587 8263 5672 5556 3183 4787 8734 5684 4432 4394 8 7604 6361 386 8442 8596 5469 2928 9661 8953 7430 1565 4481 5505 568 4610 792 3027 2667 1120 6711 8473 278 2725 5976 3682 2201 3263 3593 4764 3188 825 2963 1122 2258 2773 1189 1105 5939 8228 2304 23 2255 9088 9686 9663 5642 7026 2200 8493 2207 5074 8057 366 1938 6613 7918 8546 5805 173 5691 4016 2588 5389 2928 4405 7979 3047 5968 3963 2052 1152 2432 9498 3658 7850 7222 8612 2215 3549 
7928 8336 5545 1826 4389 7777 3459 5488 7191 4440 9682 6922 1578 2621 4709 9282 8517 3698 5337 6570 5080 1073 1529 8169 4945 1956 7444 6807 6737 6300 2580 471 7257 9299 8438 4913 9819 279 2218 1621 6706 1151 7917 4974 4242 507 1414 2670 5661 532 3883 7068 720 2966 7292 6078 9346 8282 8200 5048 7643 6026 2025 2109 6309 712 9196 998 8267 880 2848 694 4 9075 7274 5541 9977 8793 7015 8940 5347 1022 2195 5833 1100 7844 258 4080 9027 7145 7499 5275 3284 9559 7088 1572 2869 1323 7294 9637 
7515 1802 587 8007 1949 4162 7700 1798 4982 2996 5748 1899 5362 207 7498 4699 4920 733 1968 5633 6778 8325 9782 6540 9972 1065 328 5122 650 7179 2889 9234 8708 6917 681 3287 3489 2478 1718 1299 687 6280 96 1778 4681 478 1174 8166 7737 1407 2571 6183 5370 2233 5365 2345 8363 2378 3787 6648 4237 1225 9303 6130 5855 7529 8746 9097 9745 7454 1518 1532 9965 7440 455 8872 2062 1794 8876 6780 4415 4719 6599 1720 6553 9831 1614 8902 2881 1450 3706 8449 4263 5132 790 8622 3662 2240 571 4874 
3305 7982 8238 7247 7885 6943 5544 9000 1667 2318 5924 6675 2297 3097 58 8086 9575 7360 1267 3982 2445 5547 4050 8368 3515 2405 6795 943 9025 7319 8853 1339 2106 4692 4740 6543 8136 2149 8179 2513 2978 4677 7730 572 4720 2904 1741 1196 703 2179 1531 529 7584 3884 6297 5793 7239 7933 8976 7821 4089 493 5603 8451 6933 8625 5293 3422 8363 2095 7652 781 5141 520 1192 416 739 7381 890 8510 5679 180 3820 3198 9953 1154 5619 3343 402 7605 186 7447 4139 5922 9073 7263 785 3608 238 4440 
989 1897 5782 5068 263 8606 7320 6246 2584 4913 8280 3648 6315 8948 6276 7765 8513 7629 2220 4814 6036 8877 468 4466 8851 1965 1210 725 3962 972 523 3454 1064 8256 5434 6789 8465 4318 5458 9445 4986 7989 4275 6066 3655 1678 9654 583 2953 1638 8446 8043 627 6006 6758 967 2593 4218 4844 1010 7421 9732 7916 9432 5201 7262 8628 3265 6363 5510 2860 444 3018 2799 1261 6748 2820 329 4955 2194 1337 7885 3634 681 5414 7842 927 1079 7591 7053 7022 9074 2349 4773 7403 6027 3155 7566 9334 3477 
5907 9887 3994 1843 8395 4204 9960 6948 6643 6477 8035 3435 3997 7243 3797 8349 6206 9871 4770 7380 6091 818 3384 991 8640 2839 9215 8496 4489 7704 591 4176 774 2514 1681 9956 9057 1348 3753 1620 4927 1860 7225 621 5706 2363 9682 8761 8462 8876 4784 3935 5497 3027 5707 4952 6074 5277 7130 445 4100 1681 2002 6875 4817 4284 3125 9553 4049 7381 7642 3913 1832 9286 259 6190 3394 1358 8802 4862 941 7633 7172 2076 8774 4645 8678 1647 6265 728 8146 8103 5580 7478 8750 3562 4274 2336 7030 5256 
9561 2585 6043 2259 1134 4389 305 6608 7598 1244 6641 7619 7786 2301 3520 7040 3228 2790 1422 9302 5681 4611 5923 7821 1643 7064 2715 1531 8202 9101 5166 58 9620 5209 662 1936 5819 6667 9314 9072 1535 8047 6075 6298 4368 6134 7805 1816 5480 9632 8306 7677 8819 8231 8099 6991 790 5234 9721 7463 261 4941 1105 9453 9673 5439 9058 2876 1081 4205 7168 1334 1546 4589 806 7550 1739 2971 267 9612 4695 5532 6958 9385 9940 975 6377 7853 1002 9168 2642 8891 6026 7388 8202 6644 4061 5617 1852 4888 
5309 9374 3706 6107 1939 5579 2739 6279 6857 1680 5573 8032 4382 6039 7554 2022 7670 1747 131 7634 8041 9071 616 2961 908 1199 5036 4798 429 4127 2063 6923 86 8527 7961 5139 3584 7115 8248 4736 3088 4151 7846 9631 6099 7176 3516 8723 7322 5329 9195 6006 7731 711 9695 9928 3660 987 181 7532 9983 79 6130 3371 5122 2969 1177 67 4200 8973 6622 892 4343 1176 499 4183 1212 1236 7006 5296 8628 1502 3506 3209 5653 8682 3278 9052 2509 9122 4790 2731 3870 1364 3578 1810 5521 3644 1799 8573 
7849 4781 2533 5118 3291 8912 9469 8341 2184 7810 6710 4798 9333 8750 9123 4744 2989 8 9197 3258 216 8449 653 5003 1007 6026 6481 920 2896 3394 363 9439 7400 1428 3489 2161 4222 9051 9817 8098 9570 460 7748 1593 3642 1748 2142 3157 8815 9059 6126 7072 6673 9639 4885 382 2257 9764 1318 3011 7211 1882 6226 1537 1180 2375 5784 7587 5024 7504 4563 472 9701 9095 1193 2021 2651 1981 1425 2545 1570 8832 6161 5064 1833 5552 5703 2329 6466 3116 919 6549 520 7340 2190 4164 3756 3448 9738 8592 
6323 2670 509 3927 7285 748 9181 3976 9309 2407 2894 5641 1512 4293 819 1146 4235 1860 9677 6341 1568 1246 5513 4013 9525 7854 9495 4725 779 5566 8202 9933 6503 837 9684 2401 741 2099 6885 4734 6651 312 5696 9848 5685 4014 1215 5236 283 8169 2627 9075 9511 6734 2893 3240 8279 4095 4621 6753 7942 3580 8731 2487 5647 7667 7651 3184 2791 3412 4499 4083 3500 1756 3098 7835 4514 97 8613 9371 1070 6202 5466 6943 6857 6708 3059 7861 5107 5883 2453 1052 2531 1725 3498 8473 125 3019 1327 4117 
7514 3921 719 348 1050 748 9274 2058 192 5696 3938 7163 242 4646 6093 9471 5287 4854 2737 657 3766 5335 2814 6881 2948 7846 195 6263 3412 1451 9547 7991 9240 4533 6481 9084 2240 6441 7368 2487 3375 5605 6556 942 574 1238 5997 4245 7638 1597 6665 689 1976 1639 8626 3010 2225 145 2729 1822 7769 8967 2673 6646 2561 3410 5360 3261 8219 3269 9835 7285 5207 4514 12 9927 994 6077 4857 3893 1788 8935 80 9808 86 9720 7394 4275 4443 8862 1474 2912 1634 7661 3149 8699 2251 2490 2180 4576 
6585 1868 2789 9915 9613 957 2453 6108 2597 6951 4624 3978 8070 879 7822 3138 5984 5049 5112 6246 5911 6474 5586 3155 8485 5512 6322 2431 6097 3799 1694 3392 9871 1040 6670 1042 2251 2118 2357 769 3321 6566 8236 6212 7876 7873 2635 5276 1769 250 1474 8141 5805 3094 707 8038 3725 2913 6964 3946 6024 7782 1933 5955 7615 5608 1494 8403 7903 4984 4539 7271 9556 112 7389 3164 4192 5763 6915 731 3846 1256 6583 7283 1807 1031 1539 3182 7745 6130 965 5212 4670 8848 6026 7551 3771 3193 6996 8863 
169 8932 3281 9576 2025 160 65 6875 4314 4126 5708 2775 9180 8902 5831 9179 7465 3032 7116 9112 8792 2288 4317 9271 5557 6547 2293 4529 4267 2395 6214 8182 961 6441 6367 3383 4989 5652 9986 9923 718 3193 4594 2649 7386 5130 9767 873 1159 373 37 7240 882 955 2597 8026 622 9424 9229 4801 102 4627 1038 5254 7096 8525 8452 4356 9401 829 1970 2751 3706 4353 784 3057 2546 3260 7656 7513 9277 1889 5886 6595 6854 2814 4174 2030 6807 3 9531 7273 4996 8783 6009 7068 6783 4599 3061 7806 
7547 2616 583 7863 3993 8911 6424 9975 1079 5467 1155 4909 1141 8189 6561 3468 8977 2946 3125 7666 7661 3805 8780 1022 5271 3201 5083 3817 4896 9464 2001 8204 2929 3749 3781 8706 7206 4058 235 6083 8487 595 4216 1054 74 5837 8107 7229 6895 3089 3906 1900 3157 3981 9366 8845 734 9603 6947 6050 2032 7169 2036 9447 8710 5641 4886 5056 9815 3042 8013 6110 1371 8442 4554 3727 2004 4282 9777 6677 743 4113 3294 5888 9114 669 4707 7264 2335 4146 6895 7177 3751 6046 957 557 7072 8920 1753 5437 
853 9751 4844 9373 7732 1814 9033 9535 4001 6241 8638 877 8617 7635 8306 7554 284 493 7907 4413 3478 8739 9387 6757 6273 819 1261 2365 6861 3911 6423 7269 4535 7458 3255 7956 6047 3328 8698 9602 7097 9162 589 8637 9691 5535 8679 8657 8001 8750 5699 8207 8580 1728 4562 3477 1484 9888 3234 2868 5969 2205 3255 5475 325 8302 4302 3045 2638 7166 1826 5938 5462 2946 8007 4034 7097 2554 1276 2130 2620 1978 6634 4348 3028 1836 298 9768 7280 744 4087 2396 8506 4333 5698 4666 7236 3054 887 1438 
7933 2406 9147 7406 2701 9723 7277 1123 7985 8696 6353 6798 2822 443 6655 3154 546 9155 1358 1820 2285 2527 7267 4386 7872 3529 8588 9296 9822 4373 6495 1301 9234 5461 2700 5186 7144 2888 939 8102 4329 624 744 6503 6888 7629 6690 6733 2391 8089 8326 5450 2676 6895 3850 6502 2158 6418 7321 2569 8722 5307 4103 9957 6586 9096 6070 471 9288 9856 4678 8084 476 1719 9505 6078 5214 3216 2260 3440 3638 7442 9783 1457 1995 3449 6094 2028 6945 611 6217 2749 8739 7144 8880 1253 1869 9313 5318 1736 
1330 4043 3770 9095 6199 6120 7671 3464 2042 4177 9555 6576 9932 3959 4363 9593 7850 4804 7477 7885 7312 2081 4670 4805 1713 702 1893 7307 181 4717 7393 3034 2056 8056 8938 4424 1839 5730 588 5122 4267 3610 8382 1193 8386 3014 2609 7505 8360 6427 6007 8207 3109 8053 3550 9194 3187 8959 368 4246 4523 9085 7953 9947 2427 1013 9999 2426 1188 9075 6401 1669 1582 3160 6585 7252 2984 6707 3230 5325 3694 2449 9014 7562 5873 613 3809 1799 3126 6778 267 8758 8434 1512 1478 2062 3172 2497 656 2938 
5927 2927 8590 7234 839 8578 7410 8098 4332 1142 6181 9199 1761 7859 1245 9323 9460 1327 5021 7573 8622 2164 8332 8770 4143 6260 5590 2398 5015 3224 4168 3258 5212 5811 4842 7472 1668 1767 3807 9743 2880 7493 8583 6235 9068 8898 6791 8610 9797 7639 3871 4337 6143 3286 5443 2981 8549 8228 1890 86 646 8620 4716 4077 8827 5042 2857 7845 83 9533 3082 4939 8425 6183 6886 7434 8228 3424 5199 7438 6635 9224 6775 9979 922 4310 4734 455 8764 1450 2709 2190 3425 428 5084 8553 5907 6851 1722 9313 
5902 6366 7495 2095 8583 9255 2154 9626 413 6810 8748 9343 7095 9700 1029 2680 8529 9288 9789 8635 8610 9549 5345 5530 3538 5180 9220 3149 6892 4765 3850 9657 7515 6825 6002 2995 4236 7015 9147 4360 2878 3513 1048 1487 4806 9170 426 5578 9968 9671 862 9417 3400 7413 6612 7740 5403 7141 9347 7059 1342 3527 8614 4685 7780 8054 3233 717 8355 1169 9856 3220 9579 4256 9326 5007 8795 2228 3418 9029 99 9737 9943 9791 8913 2719 2958 3261 4086 6939 4832 441 4819 9998 8672 4016 8074 2680 3781 1231 
16 4536 8310 1805 4997 6144 2828 8906 4168 741 564 9100 4995 2103 6040 6760 3413 2610 2742 372 5434 9972 2067 189 6197 3166 4566 8120 6409 7312 1506 591 5575 1277 5493 7699 5722 3644 8480 4613 7522 7084 3310 8661 5826 6318 2547 7082 6319 4592 9641 1721 6748 8427 7739 1462 8790 9893 2173 7937 2723 285 271 1162 8562 2900 8925 5925 3501 2618 9487 6360 1791 2567 8152 5534 7990 6795 231 6711 4635 4686 8997 7709 5999 9043 2534 7584 7713 7374 4540 6693 4307 1124 8714 7242 1747 6801 6171 9997 
1185 8098 7078 4288 5687 839 8003 8339 2481 9652 5397 9849 5353 2309 26 54 3297 2172 7268 5641 3683 9274 2948 7147 9519 464 3724 2551 172 3586 2964 4638 7898 7319 7156 7820 5895 1519 9270 4702 3637 9639 4344 5594 5106 9128 6106 1776 2009 4107 567 3517 1190 1653 3928 4055 3732 4012 4642 3264 1220 7558 6800 7394 5681 5505 8610 2322 3377 7512 1273 184 6364 6492 5088 5455 5026 8190 3442 6061 6761 5973 7576 439 9166 8192 4462 7969 2173 128 4759 438 8567 7600 8620 8774 4179 9826 9283 6467 
8051 8329 8765 6461 8757 8130 6396 3190 7908 1618 3767 7389 8605 396 240 3828 1296 1120 3512 5703 3251 9602 5695 5692 8099 1880 6835 6113 3027 6544 2840 6062 3172 4819 4034 3007 2694 1312 5265 3509 4546 647 1057 4687 6347 694 6634 9020 673 9499 7584 8933 277 9038 947 9256 481 1891 4263 4312 7605 8391 5430 7879 6326 8419 7280 157 2354 3745 4568 4850 7297 4844 3327 6649 3851 4922 576 7193 8636 5925 6142 6305 9388 2844 5836 8017 1645 2473 3562 4794 5892 5265 1998 9164 1031 1137 6141 8559 
9161 5921 3635 5678 7645 3432 226 1878 8325 6709 1811 4357 5781 1417 7392 9875 1442 9956 8630 9813 4800 8909 8623 6961 3557 2490 9916 634 9520 7379 6037 3765 1740 4570 9193 3848 2594 5594 6935 942 6239 9309 5094 2138 6467 485 627 4034 8755 2306 4009 9139 7196 4337 5071 8040 9103 2041 4251 2191 9641 685 1858 8557 4763 1064 188 4439 9100 9862 3603 2738 680 5158 8447 6849 8073 4815 9616 8918 4269 8084 2079 8725 79 4132 4036 1448 2143 9943 9359 2717 1445 6049 921 6321 782 4139 2939 5290 
3995 4007 2946 9129 6755 1191 4549 9000 4437 2862 7750 7853 6112 947 8770 9683 7345 9520 218 5604 2531 9709 9737 6432 2761 8875 9737 9193 4839 4509 8060 169 6137 8198 5377 2304 7715 1880 4377 865 1078 4406 5870 8431 1433 5228 6295 3080 8397 7313 4950 2905 5825 4231 1250 5013 2687 9639 5400 6939 7518 9667 1547 842 3060 952 6399 1706 5671 2781 4356 7255 7260 8551 1593 8803 1604 5709 9484 3659 5460 8908 2063 5330 7023 855 3475 1291 5 6804 7827 7999 6114 1441 8576 7646 2632 2328 1664 7380 
4347 7499 7467 4071 3404 2170 7595 9204 7429 8832 4867 4852 8317 3229 6598 6647 4652 364 6209 204 366 6006 8964 6556 522 7945 8483 2161 4116 8967 330 3950 9513 438 850 3819 6284 5803 22 1462 361 9079 4722 7648 6055 8403 2273 1576 8205 809 800 3660 1481 921 6736 7404 1600 2354 749 5071 5702 972 1366 9994 9406 1460 1229 3595 5115 2201 9647 7181 7622 8483 8939 2508 1678 1201 1579 5065 8815 5285 8287 9828 1121 2859 2689 4892 4754 7412 9743 3494 3503 6152 442 7893 4457 7168 9122 5520 
2849 7789 4216 9590 7057 8518 3895 1034 278 7646 8017 7593 3278 2815 3531 9611 2494 7352 4724 4592 4949 5138 2855 7367 4313 1964 4910 3983 8916 828 533 4601 2961 4388 1560 927 8637 9503 6147 5473 7597 1852 784 8173 5960 6819 671 3761 7187 5517 1737 1664 5156 3800 1083 6179 6774 7736 6065 9034 4724 2758 8349 1966 9269 5920 6251 4242 1464 4233 4561 778 2086 3078 7311 2386 4369 7842 2975 9208 8559 6533 3352 9901 4229 4100 4324 9860 4318 5626 217 3016 1929 3440 945 911 5382 6389 49 4910 
722 6094 5325 8096 7774 6264 4384 4492 7622 9500 3738 9519 5495 1189 697 9647 8551 8845 4010 7483 1715 5918 16 7620 3160 7925 9291 6203 5274 3431 6846 600 2334 8302 711 6789 7363 1034 9847 8986 7853 3219 7868 8853 5569 9169 4601 9116 5122 513 9211 2806 5597 9954 9207 6634 4259 7567 7660 4575 8255 2209 6292 5475 628 502 2252 7209 1849 592 4152 3205 2347 7178 7940 9800 6417 8873 8591 5359 7505 4624 5441 6698 2330 1346 778 8633 207 5257 3876 9016 714 8222 5406 9613 4061 9768 2346 3839 
567 2334 1774 9143 3506 8966 6427 155 6935 5476 8820 3018 7121 5860 5226 3108 2116 5252 6162 8671 5789 353 6880 9727 3009 2793 1113 8766 8415 3776 3741 2604 4980 2942 4851 3204 9079 2465 9364 1411 7470 5134 8510 9233 1172 842 7988 8505 8459 6612 7502 3279 5027 5287 91 3877 3499 4010 138 7697 4321 5149 7313 3013 3451 3287 2887 2981 3982 1876 5566 1421 3610 9087 1357 6546 1438 4439 1709 4295 4175 2378 4731 101 6626 9408 573 1058 348 8558 2059 6897 8854 9767 8978 554 4662 3623 6759 2748 
5589 8203 5647 6063 9015 9146 6357 3531 4239 1598 5599 269 5179 9685 4731 3847 6389 9896 3168 7855 75 8350 6477 8066 105 8729 9431 156 7218 8914 5522 8498 7249 6500 8820 3106 9021 3987 4372 6470 4847 4108 8588 1412 4176 3490 9599 6565 787 8857 4173 1556 8023 7348 5079 7385 7151 8778 9243 7237 2260 55 2016 5315 4934 2297 4098 8263 1800 872 5415 5860 9923 7548 4485 3346 1955 3426 7153 8452 1780 431 9220 8579 2468 8957 7920 3341 5334 1367 486 9769 6562 6207 3236 1349 5324 8537 5160 6684 
1700 615 3668 9681 9146 4297 9866 9499 3005 5370 4308 7501 3051 2039 209 3193 1247 5112 314 5768 9174 7177 9714 9060 3442 6690 7341 2173 9068 8342 5615 5250 909 634 3526 8656 8842 6013 6172 3493 1022 7270 2510 787 2661 3586 6245 7224 576 2983 3749 703 755 1039 6103 655 6291 4165 8943 5478 4092 5610 7179 4475 1714 2493 2497 2902 86 7975 1559 8562 4799 3527 3110 4078 4228 7127 8394 5062 5079 312 5636 3820 4555 4771 8104 1674 8743 9541 6860 4592 9582 8263 3003 6214 5414 8053 3678 2297 
2613 7397 3373 5101 8354 5566 8346 4119 6589 4877 4690 3514 1461 4172 7816 9666 1487 4676 5609 8839 8306 3342 6061 1289 110 5830 1591 2401 4059 48 9393 2896 738 7410 1731 2437 4137 7769 9998 4805 202 4775 1611 8716 9524 8322 9502 8237 6855 9400 2742 3223 9698 9242 6303 7789 9286 4100 2934 2393 8638 2870 2959 5584 9606 8089 7827 2530 2592 8760 4739 3038 5173 6313 6741 7876 3107 6976 2140 8439 8742 1079 8631 7983 9413 888 7875 5500 2847 3943 7835 6884 1547 9203 7768 4265 7103 717 1782 6030 
809 6737 1639 387 9551 8450 2999 6985 3437 1017 1051 5157 1621 7361 8239 3974 8497 8765 388 1752 1743 5099 7435 6264 2060 3476 5677 3406 7703 9671 968 766 4794 4120 9685 2758 9271 5115 6754 5302 7657 30 9122 7432 9894 4698 9820 436 2018 1318 1923 344 9688 7429 4432 759 8675 4703 3756 7894 7685 8034 673 3742 4077 9420 8363 3015 5329 7535 4589 5760 7900 2235 3686 8127 2651 8021 5605 7288 4881 4411 1883 1597 6623 1597 721 826 5930 204 7196 9401 5252 182 2862 2864 5888 7814 8435 4835 
2389 5703 4881 1854 8047 3294 5522 3731 9296 2363 1773 4154 6380 6776 8076 9650 4304 8656 6545 5181 1168 4408 1438 7029 1254 7734 4716 2324 7704 516 719 4844 3648 5675 1937 1690 3515 4931 4112 6689 4594 2761 482 9391 4860 5050 5889 7051 2841 5415 3084 5953 6111 8682 1208 4938 1651 6380 280 5338 2933 2626 9562 2413 8953 537 9673 8041 6789 3025 4752 1003 5696 6505 81 6973 6762 9827 1523 7584 4395 5449 7768 2431 4628 5483 4919 2624 3429 5514 8590 9270 8041 7449 7942 1925 3051 4641 3094 1985 
1213 1788 517 4226 5434 3843 5250 7047 3821 3235 7017 4937 5378 6498 4930 7552 8168 2652 3776 2200 5642 5517 3284 1666 3723 3091 935 4331 7888 1405 5013 9873 3077 9146 7327 3349 8728 9683 5487 6035 9012 9798 8743 9251 7623 8177 499 6276 2608 5910 6162 7759 9690 3876 100 443 9276 5 1969 8703 2436 4612 8554 5908 2233 1439 6044 1678 5522 7307 7555 6647 3562 4041 6003 6116 1795 800 588 7122 6291 7183 4976 1548 2578 9585 1509 5500 9343 7121 2227 3037 7286 3657 5409 6277 3717 5316 9001 3217 
7296 1327 8421 7926 8655 6317 2506 6952 8334 7015 6289 9398 6982 7649 3487 3117 3391 3211 9282 8720 6796 1549 8480 4133 5775 7376 1827 7174 5495 2753 289 4302 5511 6504 8905 2968 4148 6377 1938 4779 9855 9464 5619 6405 1382 2636 8027 6298 6721 2854 8218 7245 8825 3696 2328 951 8167 3870 3501 8298 4309 5585 1029 5410 4771 6483 334 4183 9724 4796 6647 5751 1872 9608 6509 2923 3987 289 9212 218 5325 8432 332 7383 3722 3949 1602 1541 1344 712 3261 3515 1179 4758 9873 5006 6452 2580 2451 7059 
933 6394 2280 5417 5684 2779 3352 1971 1914 7689 3907 7371 8859 8610 1832 3137 9910 4234 7604 2909 2457 3370 2832 9351 4835 569 8791 8 1629 5876 7691 7754 162 6557 9730 7383 8878 3269 6317 4226 553 1005 5908 2337 7815 1018 7462 9788 515 5308 151 6518 9840 2093 8034 2580 3812 4254 5879 9873 6820 6891 394 3591 3025 3592 2686 3876 1737 5037 4000 1319 8668 5672 5778 3946 6743 124 8236 2776 9902 1297 394 9840 1432 5329 253 850 4090 9713 7214 5794 4632 5437 593 7902 9107 2430 1344 5824 
1824 1618 2633 6626 3221 1935 9011 1105 2308 8631 4036 4195 699 4841 5724 1053 4625 896 8614 3610 7508 9227 3074 5824 4490 4246 135 3183 1792 712 2367 162 2554 1547 9449 1176 5365 3479 7747 627 1665 1079 1678 879 4457 5474 978 4985 5586 528 9193 8480 8235 3385 6019 5766 6314 765 6737 1646 6919 5355 591 8055 9574 1198 4429 6910 4148 7025 4061 3703 2775 3902 4245 2560 4869 9555 2214 9477 2127 3853 9709 1749 9467 5348 8327 3772 2026 4173 116 1040 9464 3734 9945 5338 1722 8155 2393 7559 
1524 7337 9630 3540 4980 1594 9967 6356 8906 5626 4596 4846 9179 2443 6314 5693 7475 9018 6096 546 6502 1463 1103 7804 3535 671 1506 2640 375 7914 817 5399 7469 8709 357 4379 9251 3694 2130 2411 7456 9371 2526 5940 7223 8494 7833 4670 3286 7486 4481 5997 4840 3734 7487 706 242 4240 4562 305 136 8216 4589 1260 7967 7929 6078 1491 3111 9656 3218 2143 7009 3331 8154 2648 5779 367 4293 3003 181 1858 1675 5791 1389 2682 7790 7438 7257 5036 4244 5256 8753 3732 3826 3646 5855 364 6132 190 
23 5789 6167 3382 9362 1319 6676 5377 556 2473 3270 1261 5838 7021 5441 5341 8958 9190 1297 682 188 9335 6610 1791 5438 4279 6592 1863 3546 4842 4897 4212 1866 4555 6670 9195 9766 7258 8288 7069 5857 9229 6795 3893 1843 8985 1984 1028 3302 2837 4077 9462 6855 3950 6510 6933 3508 7974 6735 3239 6529 6472 7902 9880 4476 9163 5349 6014 1408 4133 9236 6105 631 7477 6850 4420 818 4615 1856 8412 687 1098 4569 970 9400 4651 773 5044 5050 7092 5924 8287 224 1177 4910 9315 6495 9613 7919 4288 
436 8873 4548 2165 944 7149 5986 9135 5730 3076 1710 1321 9446 3641 8747 364 7818 9556 4626 9488 7045 9606 2575 7007 5170 1561 1408 1116 9752 9007 7004 9092 6040 5113 2799 7453 3846 8950 5278 4390 1986 3265 5891 8137 7228 9663 3590 7759 1957 6389 5622 8320 5561 779 847 2391 672 760 4876 5081 4502 3808 5921 2509 1739 6772 9783 4518 7074 3213 649 6909 739 5436 39 1273 5093 7099 9781 6117 889 2629 7601 9387 5389 226 8296 9512 9828 5392 5539 4626 3349 7900 4285 7030 3712 5454 7579 4137 
9505 2000 6721 2460 1591 4292 1270 2125 430 4946 5266 7735 8440 7990 7408 3680 7677 4476 4123 2788 4570 8951 3631 4057 5573 6490 6246 8159 6169 2585 9684 9083 5617 778 1189 1651 5171 2843 6196 6672 5500 3786 994 9561 9779 5334 1223 2472 8266 717 2528 59 4245 8332 3427 8029 1871 6391 7251 3380 589 8503 6093 9318 7082 3612 683 1786 6313 8253 8397 1540 7004 2328 9914 3265 3580 639 7656 6625 6491 4990 4132 1240 8595 8974 7804 3811 1936 3391 8524 2510 81 9040 8626 2357 6893 4620 3241 4127 
8270 6017 3350 4633 9597 3083 2875 2882 1293 3199 3386 6280 4878 5346 3726 3569 9339 7199 4887 563 7767 9927 5125 3174 3415 4836 6602 3758 3284 9876 8659 4735 1771 199 2054 5420 7599 9455 8748 9500 6623 5638 9736 3424 6188 1811 5214 2642 4343 4361 1741 7850 2645 5371 4856 9293 2354 5943 8435 4559 6939 3551 3351 5363 6031 3740 8960 7379 9682 5120 8053 6731 2858 4023 8854 197 9153 9181 612 3929 1308 1315 3449 5571 2578 9717 316 6450 8732 7869 1591 3559 5080 6638 2557 9473 2889 1326 6790 9857 
9777 2656 6672 8196 8509 6430 7642 5790 893 5716 9697 5588 2902 3476 2633 1031 5328 5324 2835 1161 3201 9165 126 7874 9944 1576 6407 3892 5276 7226 2106 214 4454 5916 2188 1346 2383 7670 60 1781 8117 319 5571 481 4798 6653 666 7406 8421 3544 642 7972 4209 4717 8459 2296 3558 6873 6163 4821 9557 768 774 9614 6352 2897 3138 4280 2820 8142 6976 2869 7233 503 4613 7477 7059 9037 9765 5875 141 3833 9281 5486 4036 768 7550 75 9378 6444 2395 5140 6242 4064 825 9226 2446 3142 8857 1947 
5120 6855 4674 2367 3510 2895 7487 3172 8366 9693 6563 3429 2949 316 7547 3001 1686 239 5496 5739 4016 101 2893 2530 4967 2952 3196 4654 689 2006 2231 4012 2334 7592 5385 8796 3644 555 5604 2803 5131 8944 4024 5586 1941 7028 800 214 6908 370 1987 3313 6977 8232 532 8984 6663 6222 7467 7713 6779 3025 7175 8033 9069 1937 246 5525 3393 7789 8368 416 7897 423 3996 2969 5086 5711 2017 3305 2214 5357 2375 4782 6492 6938 5206 4660 6027 924 1452 8746 7396 5314 9386 3376 9372 6922 2527 2011 
1281 8964 5453 7710 2086 289 6609 5653 9179 8778 9899 6312 5986 8033 7957 9474 7477 754 7390 1491 9076 6243 6647 6009 5126 4716 5675 9666 7093 6018 8619 540 3228 8344 720 438 2756 2569 6263 4813 1374 9323 3222 6008 9726 6032 6701 6259 982 142 2271 5896 663 272 8501 573 1051 1027 6699 5578 4700 281 5880 5092 6655 5677 5049 9785 1723 4934 3238 191 606 2466 3416 9049 8722 6571 5451 7870 1840 2910 7818 7123 2444 5252 7295 393 611 3712 9860 6505 6025 7890 4680 1654 4594 6224 8464 8092 
8365 7618 7898 1922 5058 2857 7775 9992 9880 2623 2057 2133 4712 3113 3862 2761 637 6052 7175 2255 4488 3548 4745 3111 3789 1968 4882 3493 5363 6432 9875 9267 2313 2884 8632 3845 8841 9245 1256 3657 7854 315 769 4177 1418 7027 925 2870 807 5795 6020 4614 2419 9361 5262 8095 6371 2715 8355 2545 3927 724 1317 6841 9509 2469 6280 21 4429 5294 8752 9997 164 8449 2995 4501 1447 3853 1551 3682 6218 7531 7597 3540 6225 6562 2199 4430 6841 7753 1225 2788 1564 744 2218 5892 200 8334 1349 7825 
1108 1356 1347 1147 6942 2836 260 1405 1236 2324 1949 2351 7524 3723 6726 2258 5010 1226 4095 1058 6047 2206 6046 6233 2520 491 2658 3296 5226 5257 7702 9071 4384 8238 2084 1973 7733 7800 2316 6156 8125 3579 1314 3011 334 2105 7640 1020 7826 2399 8734 8423 1529 2883 8960 4356 4897 4481 2429 8428 9347 8250 9404 1239 3417 1389 6774 497 2457 416 9513 5666 8759 3998 2785 364 7609 8142 7267 2530 2715 4316 3689 9943 130 4837 3865 4884 9419 6235 7436 7508 6799 3507 8133 6690 3103 8343 988 1695 
819 8374 9787 4199 4117 1306 9882 915 1744 376 5798 4017 410 4140 1061 4758 570 7869 6143 4526 7969 5999 5224 3649 2900 5953 1441 7448 8734 7161 4043 1733 5643 9429 9479 2269 2091 5768 9215 8667 4944 980 6730 7995 3835 3409 2234 5395 1020 4526 2875 1335 6528 5288 8520 554 9926 8258 7205 5483 405 758 8666 8588 1075 2810 8761 4782 6468 1332 9217 7292 2786 4809 5467 5999 3498 1730 4585 7357 6476 1140 6149 5308 5380 4450 1363 414 1235 9285 3015 6187 5618 8579 9837 3781 1389 5268 6961 2662 
7909 2989 9706 4468 1647 6871 1449 6607 6177 9885 4621 6276 3856 2627 1713 203 2569 7342 9079 6293 8792 7673 2540 1797 5939 36 8733 4388 8526 8866 5669 3284 4710 4657 2566 4109 2509 7688 8815 2788 9701 1641 712 7830 168 197 9616 3603 5539 8302 4462 5303 6356 7971 9480 1701 9348 741 2472 3258 8654 5378 8492 5903 7038 2925 8690 4268 1587 1584 7768 260 1083 2862 7569 6414 3528 5030 9950 6261 1382 4113 7192 9413 8387 3464 5508 5719 498 7026 4283 1991 1758 1958 9124 9054 1052 4417 8512 3223 
3170 221 7342 4044 2750 954 8638 6873 4382 2763 2828 8767 4619 4079 7006 532 1612 9475 3775 5730 7034 1392 394 6575 6731 5204 6926 4703 3373 3972 9999 8828 2402 7468 74 2897 5939 8844 6780 2294 9774 7596 6789 7383 5077 1699 3038 6281 9715 3638 9886 4946 3795 857 7502 6253 2772 2434 4879 6124 2794 1462 6660 1683 2456 8574 2759 6836 5979 1164 1492 324 8806 3536 4735 1810 3236 7506 4421 1059 9179 7246 3012 8645 1446 1259 8995 3321 2640 9233 500 6086 3797 7471 251 5146 1501 2645 572 2000 
9803 4563 4547 2405 406 2445 5262 256 1989 2752 3388 1605 4296 872 2463 8339 6629 7371 9781 9831 8916 1316 2311 9080 4716 9438 2285 7210 6066 372 3417 8492 2633 7790 9554 2163 4357 1790 6867 1151 6252 4052 1721 5800 1159 7505 4492 5499 7916 8011 3635 6126 6478 4861 3713 9804 8054 7631 1188 9891 7719 4706 8657 3775 6109 8447 6739 2030 4278 4528 1541 7781 9761 4836 9035 7911 7396 5480 6229 7083 5495 8926 2503 8037 8503 1143 7589 9696 2541 426 7476 2103 6397 2774 8557 6513 4465 6267 420 8554 
9135 2150 5973 1409 5020 8289 3138 1936 3216 1494 4855 2252 6838 2521 2325 4358 6405 7486 2677 7191 8865 4945 5627 1012 480 1763 1577 3613 6117 4334 9662 7458 8844 8664 806 1113 7981 2478 4349 3886 9977 1009 1557 2363 9420 1230 3835 6684 6793 5606 6741 1490 9586 7359 7594 9499 6693 4974 3035 3559 1289 5362 2399 7181 4710 5363 1060 1758 3471 8343 1332 7772 302 8440 2837 33 5535 8451 1535 2945 6804 7716 513 5575 1607 1402 5236 3454 2512 7956 7874 8530 3950 2807 1114 2404 5248 2759 6005 5687 
3094 4661 8716 1784 7804 1876 1306 6836 7304 4963 9407 838 1833 6161 5718 2991 8220 6440 6218 6907 5442 5661 8256 7408 674 3835 5820 9810 1030 4614 1646 4393 8906 6985 1491 8046 2045 9730 4520 1102 9693 1729 3768 4329 5968 4714 5612 9158 2620 8567 6447 7110 2713 6544 5752 7776 5368 8816 1267 2096 2249 1941 1218 8428 8830 5753 9441 942 2061 7590 2873 4547 4037 7902 5789 9680 9848 2365 1945 7569 6905 9034 4749 3332 6651 3356 8761 2829 2922 2248 8308 787 8021 6936 8663 1210 8741 6963 2362 5026 
4418 2689 2001 5894 723 4844 1576 8296 103 3750 397 5182 3782 1569 355 5832 6287 9242 3902 6834 1998 5562 6272 4534 936 1859 4824 3225 876 3269 451 5790 6379 9378 171 6706 3771 6311 26 6303 1049 2034 3527 3566 7973 646 6687 5055 1862 6341 9175 3933 9717 2144 8236 8455 4433 2499 1471 4205 5629 9236 3403 5439 3520 5494 5883 5909 3651 1017 888 4407 1800 1127 686 9692 5984 1442 3026 9472 4162 4336 2949 5310 4448 6693 7706 1760 7471 7298 4458 3163 418 7512 8171 4430 9573 7128 2543 1258 
4375 8854 670 48 7101 3315 377 5130 1168 1261 9291 7840 5342 6820 5098 9530 7704 4529 1007 1066 7217 4641 3969 3382 9293 2862 4406 9158 1825 37 4489 5941 302 6725 2029 8765 7054 8596 6336 463 671 7227 5617 2625 1129 7203 8509 2219 9523 3227 2353 1825 5199 52 6192 4256 3698 2185 5720 4947 8104 3516 4048 9267 1997 3831 7594 6647 1532 3400 1834 8437 2999 5340 136 7422 1036 8586 2132 2041 5289 6154 9354 6744 3667 57 4596 3422 7089 5567 3297 1861 5334 413 881 2444 7363 528 8935 1579 
241 585 2592 85 5811 478 1179 2673 4602 8499 9824 1109 3024 5581 3002 58 4921 1236 3746 9756 9763 6814 5792 9299 3826 6986 5533 705 7258 6036 4346 1894 7609 4424 7226 2232 7084 9965 1794 9010 9799 8698 3987 5934 76 1378 5277 9811 9467 1789 5822 2936 5702 4276 1743 7102 4398 2379 7021 3848 4504 1227 2788 6734 8358 2296 7953 70 5071 3162 4276 3629 700 691 460 3758 1892 6418 5670 9587 2797 2381 8124 8983 5242 4748 9173 1427 1546 3102 606 4105 9737 3966 545 2468 9417 2141 7664 9941 
4985 5551 6536 394 8512 8716 1130 5920 6281 715 6969 1939 8237 4935 6215 4596 3483 9252 1213 3260 6500 4343 8748 7291 4891 1727 8681 7009 1134 4236 6937 6140 4382 1162 7609 8442 4517 678 4983 7127 2965 2500 5044 9262 6244 3150 2130 2526 8382 1304 8755 1917 4854 9092 7715 1925 8658 2349 7863 9523 2109 4744 4686 5139 5652 3169 927 6913 7994 1989 5392 4638 86 954 4104 561 7900 4808 1660 7824 6662 8900 3029 9083 5364 6305 2500 9273 7528 8232 7482 5753 7499 8726 886 2455 8998 3502 592 2720 
854 4041 7349 1071 6301 4757 9746 3898 2966 7387 8405 8838 8882 5159 1849 2681 6357 6659 4538 4386 3431 4576 7790 9224 9925 5549 8460 9190 1585 4888 4209 550 8316 604 8955 5622 9125 4268 9436 4664 2022 1103 1593 3368 7130 7432 279 1689 5559 8049 1777 667 6428 2711 8874 2870 8954 4668 9884 1571 6323 2892 6723 9101 6245 8707 9968 3319 5732 8083 649 8530 8361 5309 2672 6285 3829 8578 7430 904 2717 7445 608 1162 6488 4260 2193 9128 1676 9693 8647 4226 9437 3372 4517 409 790 2416 435 1255 
3157 7634 5302 325 3966 6881 8022 4040 7925 7696 6701 1866 3266 173 5570 9310 6626 2152 4377 5358 9349 9770 9922 7888 236 5639 6904 9635 3604 2025 173 5061 4167 6640 4090 9342 1613 954 9312 1665 2718 1117 1694 3512 7836 7320 8638 9749 9610 2029 7499 4029 1114 4485 7168 5447 3448 7185 4289 4008 6487 6149 796 7656 379 497 6259 3783 1313 9407 8206 5404 7551 287 4328 3027 9923 4178 4195 7703 5519 1088 7227 5618 783 799 2216 4718 4272 7304 6147 4914 6855 643 1131 5605 4335 9772 3342 7226 
4520 5301 9590 6543 6517 7068 3484 3051 6321 8013 4839 9169 9334 8577 7210 6046 6092 6946 3076 510 4838 5885 303 4030 8329 5103 7978 9576 1042 2018 1352 9451 1278 1392 6050 468 2766 4130 4739 7614 1112 4041 2053 5530 654 9373 2734 1081 5775 9241 6479 6040 8174 4296 8846 1503 5846 9737 4672 5285 8773 7355 3170 6340 966 4955 8259 7860 8491 5851 9546 9924 1024 4068 618 4357 9340 1341 3093 3206 8473 5189 4352 6253 1784 637 9050 2847 7044 5866 4901 8850 7568 3203 6902 9717 3378 9782 412 9080 
1898 7633 692 8838 3615 7288 1994 6339 9206 9219 7995 7298 2233 2424 2674 2886 7019 3622 8873 8753 9665 4401 9909 6718 6672 3562 950 1855 2096 8232 8709 181 6523 8732 7973 7601 6642 8492 5884 2509 6912 6466 137 8786 11 7505 3483 7708 7368 7386 2387 9811 1400 866 9567 1236 9690 6539 2854 2465 7456 5987 7921 5564 4850 7270 4997 7630 7492 4078 4121 4197 7310 43 7985 3358 277 5285 3472 1739 5817 1218 7700 4254 527 1509 4000 6778 2524 4629 8050 5310 9131 5991 5962 6709 5070 2833 6986 6275 
6183 4415 364 234 7201 8553 3520 3998 6609 7604 2270 9205 1350 6915 4299 8662 6660 8505 5924 77 203 2485 7283 8554 1782 3689 704 2424 1579 97 692 7855 4978 680 1984 7568 299 1313 9696 9344 5640 5570 9010 1202 9941 9607 9840 7050 9689 1625 9311 6531 1166 1110 8866 1210 4230 3175 6031 5752 7320 6523 4500 9650 1406 302 8215 4842 8627 8223 2346 9613 4573 7620 9394 242 5226 2465 112 7484 7797 510 1858 3005 871 3153 1211 538 7121 1490 2032 9134 7769 2811 3176 2415 5728 2683 1436 3164 
3809 7159 9596 5793 5758 5654 1959 948 355 5157 9359 4637 4507 2726 7712 3321 445 8665 2639 5837 274 4711 8116 7756 3584 2726 7663 2761 2730 8290 3881 9425 1519 2588 5781 7370 5252 9163 1241 2807 901 1094 8411 926 3840 1885 6312 4856 6986 7408 1148 1385 4055 5833 5551 9738 1104 5457 3903 3786 3807 6071 9392 4757 7161 3533 5935 8832 782 7522 8947 3389 6923 205 6892 8807 2055 4114 609 396 3969 6487 6301 6784 834 3238 5660 9975 4147 6908 6472 1172 6527 6178 4822 605 1670 1272 9293 7281 
6160 3743 217 685 9152 8177 6796 5095 5570 5134 5842 781 7343 6203 5024 3197 7973 8061 3239 3846 7100 8542 8052 1795 5414 1653 6461 7683 5819 9704 5655 7517 8290 9568 4587 2452 1451 7434 8658 6984 7921 906 2513 5561 9757 7816 598 2913 5554 9864 5499 1176 7142 6050 5800 3721 9666 3931 3771 2644 8068 1056 752 3682 3344 6198 3330 8129 6643 3611 2854 7299 4498 3332 9322 9829 2903 9928 8815 2055 7416 5560 2476 3612 4892 2943 2302 2222 3630 7086 2632 3972 5702 4974 6165 7702 5736 2882 2563 2660 
9206 4120 4171 7234 4269 9629 5221 3691 769 8945 2734 5953 2846 5809 2889 9205 5961 5115 1141 1869 4735 6669 4103 9416 8296 2260 446 5784 9103 7521 5337 8671 1547 2698 3879 9234 1315 5172 6698 4625 2993 2984 6309 4848 5582 7745 5742 4873 9489 5951 9904 8692 5323 4976 465 343 8826 5158 9840 4407 4939 6796 8786 5648 8054 2205 906 7559 8218 3647 9499 5021 3452 1949 3180 3418 9483 5817 7417 6194 2736 1277 1515 9829 1771 3264 1529 2092 4747 9079 1466 5870 8792 2048 7708 5655 6483 4201 6399 5812 
9093 9230 9434 2596 5074 6008 2630 7039 8947 253 2484 580 3067 7830 6502 7500 8821 9385 4585 3864 7130 5177 9194 1586 3183 4916 6839 5731 8432 6976 3056 9508 6711 8281 7193 7640 381 9324 6698 5069 7963 1269 8813 8211 2619 5134 8767 7052 9234 165 9142 9105 5314 2212 1573 8748 9951 4170 2114 5529 5435 6444 2912 399 1151 5709 5193 8546 3253 6726 1294 189 2451 5664 8524 7739 4005 7869 6085 3843 8904 5326 4722 2283 425 928 4892 6918 1151 2521 5761 9319 8746 2679 2450 2412 6130 4580 5799 9895 
9089 8674 6761 5891 338 785 8384 5921 7735 9970 4049 4991 2971 4990 6142 1871 3583 2113 4677 6642 9700 2195 5328 8894 4328 3695 700 1547 6553 6887 6509 7475 5669 5580 2688 6571 2506 6305 3217 5662 9840 3487 6577 2752 380 1933 2813 2045 9090 7768 1958 9412 6015 5644 2892 2967 2410 4560 6455 7943 5377 8381 7053 8631 7291 3661 6579 2409 5922 1660 3611 8830 6158 7350 7036 3034 1727 7058 1139 4582 6245 9525 3320 9338 6166 5735 8842 7686 6857 6272 5214 2928 4609 8224 3186 5033 2044 618 5404 607 
383 9078 4314 623 3825 701 1784 3125 8484 567 1267 2250 252 4465 6726 8042 3014 8341 7823 3324 7073 2619 4986 5639 88 7731 4587 1538 5267 4776 7952 6604 9584 6087 8016 7370 5560 348 6831 5640 8549 4109 2634 2981 8033 8491 413 357 7285 3108 3532 4406 9770 6432 4718 7008 4497 4041 797 1074 8750 6886 2754 5644 9678 2757 5335 8648 7522 5525 5127 814 672 1754 9249 1293 2925 3469 4774 7948 9700 459 2382 2078 7798 2811 9020 9125 6006 4289 7287 2138 9183 4987 1891 3369 9466 8916 3716 6302 
1137 274 7131 5309 308 1441 8925 7998 5193 7491 904 6155 5257 8398 5414 9045 2860 2379 6476 5997 1631 8547 5377 7608 2925 2947 173 7621 2385 8463 2048 4146 2844 5208 6285 5698 7052 899 4985 6271 8908 3583 4511 4463 7850 8097 9987 9835 4038 2213 73 5943 3170 3269 8366 6535 8893 3707 1016 8535 6804 8915 8365 1344 4778 406 600 889 5020 6459 2541 5494 3405 7651 6333 7549 6233 3440 2630 4556 4631 9994 1153 3166 1728 4805 9308 9854 3208 4691 9213 5945 5813 4376 4718 1549 8936 4680 5795 6387 
6359 2375 6352 4854 6617 8637 391 41 1694 5335 7470 2655 6472 1063 2077 3456 1763 19 8420 7234 5996 7937 5488 6346 5891 5850 2181 229 9360 1828 2280 5225 5445 2122 7874 4982 4772 2429 8076 7994 2386 1917 5578 7425 9469 8098 8955 2687 793 2195 2422 1354 8029 3873 8926 2394 776 6459 5040 675 5396 7510 8042 2239 5029 8125 486 1193 7369 7639 9628 9098 1022 3784 8487 4866 2861 4977 8855 6153 5033 244 8298 5078 2871 5167 6201 8799 2740 8946 396 8240 4001 477 7869 2524 1120 1212 2425 683 
9588 346 2794 8147 3330 4743 3355 7841 6382 9671 8937 8639 8297 1072 8764 2979 9813 7389 127 3616 1262 2116 5258 7663 9004 5345 2923 3422 7453 1553 1565 8026 6455 7714 3588 5050 2334 3209 8914 1616 1031 6919 4802 1556 2236 2727 3938 4037 9392 7586 4577 815 4931 3220 19 5010 4008 4448 9339 457 2867 1167 9170 8647 1386 6544 4647 4160 2367 4428 6638 9694 9662 8937 1119 7254 5255 1771 6609 6986 8445 8091 4515 4981 3130 1411 9045 6759 1280 6978 7850 4900 2734 1644 1558 6466 7502 3489 8858 2645 
4597 405 8122 2307 3481 2009 2655 6427 8739 2875 2982 3476 6753 8829 7754 1922 4407 8646 4275 7951 9870 3355 2346 2813 507 9769 5230 6089 1714 5096 9055 8761 1745 9015 548 2193 9110 155 8230 3664 6094 582 6508 9459 8486 1157 9825 2664 1239 9206 6001 6126 1168 9043 5157 503 2814 9511 5620 4128 2617 4899 4046 7468 4040 5466 522 3651 8261 5599 5343 4318 266 5964 2097 6568 4617 4812 7978 4373 5364 2295 8697 2988 4542 2803 8404 4462 3709 4843 5960 6022 838 1410 7573 6098 8613 4399 82 1362 
491 4628 380 9046 9633 9274 5375 2759 719 3920 3680 9619 404 6628 8129 9382 215 9169 7471 2989 6537 8904 4566 2368 4156 1414 5784 632 7991 7895 4572 1968 2008 3305 4224 1564 4573 2721 8331 4459 9622 2735 9775 1306 7174 1499 2587 7910 5599 214 4841 1301 5534 9235 4513 3569 8220 7480 6438 6667 6616 1180 5511 8918 8618 1333 1931 8038 9118 1589 9600 6851 7143 7617 9660 1121 3697 1432 4301 70 7395 8346 9712 2733 3082 4851 5690 5591 5523 3488 1739 9407 1133 4323 4199 1053 9696 6771 4966 3804 
2044 7316 1907 2342 721 1399 1645 7578 6598 5090 3313 4458 6493 3675 3702 1563 5399 148 9233 6860 8963 5526 4819 9475 5302 7230 3112 699 9502 7702 6174 3776 5326 1988 5678 1155 8083 2533 9248 6993 3995 9091 8596 1786 4488 4489 8330 415 8415 102 5981 3715 5254 8086 7026 8119 7000 1920 9322 5806 8047 4270 328 7909 1804 1384 779 2128 7147 7995 6345 1671 4304 5789 7140 440 6930 8666 9743 5119 7097 4611 169 9249 7289 3035 8556 7481 6813 6783 1561 8632 2112 66 7842 5174 8334 8539 516 4317 
4052 738 6119 5605 4401 9088 9663 3034 1616 3361 7276 1609 8275 5367 8592 1811 3207 2132 2971 6660 8115 6465 4137 3190 2228 8127 340 8786 4150 7194 9850 9598 8137 8836 1253 1692 9053 3031 6108 2110 9407 2677 7486 7025 5715 8093 4363 6913 3872 5496 5780 3700 9709 1649 7752 2385 6083 1350 7226 6612 8300 3469 3145 6735 4231 9398 7482 1173 7151 1613 3814 9221 562 8463 5880 6830 3266 9752 4936 5842 8595 3490 115 6278 9358 4097 6638 7807 4291 2037 2263 9441 7869 8270 9109 6570 8550 4074 7128 9850 
7710 5398 7050 245 4612 7343 3271 8241 4244 9615 7092 3773 2265 4997 1020 2940 5990 9707 2917 4819 7531 7718 311 4869 2291 9396 8680 8156 1352 46 3829 4655 8587 440 6371 2854 1849 5957 6269 1086 1605 7114 5516 3534 9213 5020 6522 2795 8306 7941 5202 3104 997 3790 5080 5843 456 9694 3754 9476 3540 2709 7982 2889 9591 2934 3885 2084 1549 3740 8386 3379 353 4527 4881 3916 7810 9137 6995 2679 3063 7409 2908 9796 9010 8377 8179 4154 5508 9924 9425 4739 2426 9760 1844 2419 8071 3893 4440 2566 
7662 3014 6226 3059 448 5613 8681 2988 9469 2907 8578 4720 6513 6309 1788 2087 4094 3638 2086 948 3352 3280 23 4712 9674 6860 450 7916 9948 4825 3922 7394 424 2426 8469 4722 8165 516 4450 7652 1470 6621 8157 1286 3523 8404 1471 2591 9918 6734 2677 6722 2595 4608 8691 9413 1232 8162 658 7986 5676 3322 155 3027 3866 7733 7399 6080 6116 5958 8792 5877 3758 8123 2074 1183 5689 9166 9431 655 9176 8175 2249 389 6182 6231 5218 1469 8348 7306 2879 2529 6486 5331 1757 257 9465 6674 5787 1337 
3509 23 6573 2690 1105 1648 4313 4201 7040 7436 471 9789 94 4364 2314 6920 1765 232 2365 6833 9634 7766 8237 8554 9594 7714 980 6643 5663 7849 9908 170 6530 2654 2738 5090 5640 6524 7412 471 8599 1140 6498 9182 1790 5265 7328 9214 3090 4326 5592 3894 7835 7648 4802 6714 1800 5734 3797 5719 8570 4118 9990 4804 7031 3369 9895 2144 7616 652 3715 7202 7558 1986 8982 5920 1348 5631 1997 7456 5149 2236 5624 5208 7377 8283 2982 8898 5938 5635 4502 7978 4040 9362 2676 2450 7628 9527 1070 4386 
4573 7770 5230 9436 9597 1583 4854 7470 959 3632 1398 1049 1 1455 2184 3834 4843 3331 6282 8214 9061 7431 3400 8529 2747 565 5158 1144 2499 3518 6133 6407 7627 5541 3557 1472 9484 6689 5917 2496 5118 2101 356 8200 8027 6750 7279 5064 331 2063 734 2120 6840 5594 822 5463 2695 5950 4368 2600 9716 5203 7017 4687 5153 6213 8964 4347 7573 9452 3907 3293 9699 7190 8839 9929 8027 5681 3070 4452 631 1002 9474 3755 4982 2729 9892 8514 3092 4324 2876 8839 7207 4130 7227 8638 543 3687 5460 6041 
7213 4188 6027 3221 7728 3121 5260 8857 2227 4188 8809 7492 4815 1736 7315 4653 3715 7080 2945 2886 1715 2248 9276 2714 8885 9114 6147 2294 9979 4794 5291 3146 6493 8211 5375 5725 2662 4109 3158 9035 4935 2355 5382 6524 6665 6539 9815 6804 9815 1191 8922 9641 6429 366 4891 8164 752 9525 358 4473 7452 5832 6594 775 8703 7382 7357 269 7799 5601 844 9631 340 1756 2783 3652 7301 3089 4936 6878 1303 2793 3012 9581 3448 280 3800 2358 9179 971 1232 3754 4601 3796 3989 2768 2768 4839 6161 3616 
9384 8600 2524 9856 3397 9901 78 8578 9707 8126 2239 1754 8811 2756 8115 6998 6243 354 1760 5212 7537 7624 2384 2567 6526 2636 6850 4213 4258 5433 9834 7591 3303 34 1547 4971 9654 9411 5193 1151 5826 4712 7733 7003 3737 1683 8244 2212 1629 8366 3735 4059 290 1394 7532 7551 7898 8570 1342 8117 3970 4436 6254 711 1954 8155 2191 7551 3652 7448 6867 6527 6572 8616 6567 85 6271 5807 390 8066 9333 2152 3042 6178 4624 8986 2642 9337 349 5024 9643 5247 3859 9149 3858 421 2934 8656 5415 766 
