3902 9756 6215 1090 4382 8475 3391 12 2069 6287 7935 4051 5784 7479 7300 3352 3050 1251 9648 1875 6268 2058 947 8167 3955 7324 5455 5584 7887 4618 9857 4657 2100 5885 9942 6367 3329 9239 8967 712 4808 3006 3118 7227 6816 275 1601 840 884 825 1712 9695 1778 1809 7533 5886 4814 2170 6558 4449 4492 9083 4666 9727 1553 7025 4335 6847 4683 7898 2008 8158 8945 644 8792 3954 2858 582 294 4117 9593 40 5322 3086 7756 2926 3596 5615 8971 1807 664 7445 5066 4891 241 9590 4706 4398 7200 9764 
1047 1758 2214 1187 6834 2916 3545 7784 8487 3422 6292 7881 3012 9380 8283 4704 4096 2281 1883 2036 6831 8905 5502 2809 3934 8390 997 1137 3220 4302 4520 4707 2409 3014 1170 1889 3168 1598 6776 7449 8581 3959 1284 4930 8593 5179 4225 1532 9038 2520 2324 8416 5053 6575 1958 8160 8517 4499 4005 8475 6598 5548 3678 6969 1868 4761 8699 3559 5403 8063 410 4987 5449 8020 4724 7288 6860 8995 90 9347 8085 6674 6190 7251 6198 3379 6255 3115 8487 9792 3959 7845 4959 4507 2276 7155 8057 6406 9588 4009 
9861 1143 2910 1617 8544 2793 8821 905 7052 5613 6106 8642 3399 9865 1253 8289 9037 7548 6207 6435 2257 8751 2670 7233 5230 6553 1239 905 6502 9312 9809 6653 727 1223 9379 8316 1513 1804 1136 2786 7591 733 7701 9399 8231 6991 3301 5988 2882 4370 8706 9714 9855 4884 3403 3906 7732 3593 9024 8293 4705 687 6696 1710 4754 9265 5387 1085 2268 9320 3621 7799 7905 6008 1290 3177 8525 3559 8194 5006 9460 9983 1116 4916 6319 8645 2799 6197 4582 748 8462 8222 2561 160 9762 4156 8514 8150 6526 1438 
7618 2077 3834 8461 5755 1045 9067 5786 5319 1371 591 4967 6163 9642 6054 2623 9343 3374 7751 5106 2587 4131 4905 3963 2557 9624 7195 8360 3188 8907 7317 5086 549 5446 1655 1691 7714 4143 4203 7149 9123 7172 918 6944 2111 7063 9043 1446 5248 7024 1212 5642 9433 4176 8909 7100 1111 8122 4737 4335 9847 8612 9694 5553 4755 5036 7117 8143 9219 7121 7393 9251 331 1542 8430 3248 7559 5230 1681 7566 2461 1933 3787 8588 9735 9495 1862 2546 8273 2585 554 7824 5489 9257 1026 7313 4598 4552 727 3800 
3988 8702 8291 3503 8820 9294 953 7172 6925 3104 6074 8593 8113 8201 4937 4246 524 955 8443 8283 7696 1432 8218 7836 9643 3812 433 9387 5418 4788 7127 2924 2634 1648 2577 2783 941 7121 7750 5316 109 4192 6366 4960 107 9923 4455 274 9990 6813 4079 7004 3723 2429 2937 5041 7495 4131 6824 396 2820 7125 1067 3454 8677 6303 4919 58 3470 9797 8816 7659 3036 6561 7398 7084 3046 7407 6274 947 5806 2410 7626 3867 9596 1065 2204 8948 2253 9365 3512 3187 8584 1187 2405 7491 1059 505 4387 1024 
4075 5650 5514 2404 2169 136 5581 7326 6586 7543 699 5962 3861 27 5122 362 4409 2245 4104 5600 1039 2366 5411 1730 1089 860 1962 4961 245 3695 6185 7454 5485 7790 4039 4404 956 8875 3502 3507 6846 5214 7152 2184 5340 3510 1242 8049 3528 9687 5970 9863 6431 5872 2836 4868 2715 9011 9632 5558 9927 2877 1680 4739 6929 3618 1808 1841 2141 5543 1040 2859 7998 1907 8803 3514 5814 722 6344 798 4286 6264 7355 4870 1206 2096 725 3672 5473 3070 8006 5027 6842 638 3520 7807 169 4446 8949 424 
3947 2658 8835 755 6769 6956 9159 7065 4688 2624 5575 8454 3465 1993 4758 3714 3006 5564 1850 8353 2969 6557 2768 5154 9235 925 7201 9640 2246 7723 6483 9182 1804 7229 5545 3415 3759 5376 1474 3868 6211 259 537 1405 7621 121 1805 6489 2079 1942 270 1110 3907 1128 6288 5149 2357 1571 741 9031 3560 4242 8765 7886 4700 6161 6933 6651 2577 8346 2933 5513 189 9108 5514 2758 8370 2902 3159 5546 3612 8197 629 6730 5050 368 6771 1619 4456 3112 8932 1588 7054 9395 1975 5292 5983 411 1918 9072 
6199 3326 4159 7133 8563 3855 7613 8410 8824 6676 2990 5204 2332 150 5746 8156 8784 4022 7522 2383 6392 8718 646 8190 1911 7146 206 8508 9989 8760 2787 9484 6833 4693 7911 895 5507 3780 1918 9066 7417 2982 5429 8341 9187 5981 7495 2001 5300 465 4259 1237 2645 9519 7113 3363 8238 7179 711 8512 2194 5988 1091 8510 3913 2720 890 8560 9627 8264 5164 3894 7673 5816 4820 3868 5520 803 1905 9428 3267 4297 9918 4724 5390 3129 9664 5854 6644 2229 4340 3466 3910 3521 6234 3250 322 1485 7410 4448 
6916 9216 4215 6130 208 5462 1766 8751 9879 773 7287 8511 5669 201 8818 1962 7956 5717 7889 7142 2549 1497 1019 8790 6421 3142 2257 727 4570 9250 9128 6950 6514 3113 6948 1681 4427 1419 4230 6143 3844 9107 3620 2462 809 3303 3233 4398 5094 4942 3204 8990 9008 1555 6259 9992 2122 4282 4046 2285 5232 4270 8350 4539 7644 2845 9704 9628 5475 7447 8968 4466 6409 5322 4577 3626 6392 8131 6353 841 4638 5132 556 6100 1098 5782 6859 3012 2630 1613 5543 6516 7518 9151 7467 5072 3325 5736 505 1091 
5273 4195 4958 6574 840 2336 7152 6488 8173 2044 4062 8201 4810 3385 235 3178 9328 5974 6348 5775 5516 9189 8035 3448 3242 5403 709 9507 3675 764 3308 1864 2511 2809 8828 9125 380 6178 51 1371 2172 4093 8338 5844 3233 3934 6082 3695 6216 2582 6825 7102 3302 3078 4559 15 4491 8776 5740 5082 108 9710 6750 1272 1110 9333 1501 7046 2089 6106 8338 5513 3910 8958 281 1542 5270 2377 7702 8905 187 4765 167 3915 3820 7929 6561 517 8713 9969 7274 3787 7764 932 7925 5672 286 358 6071 2154 
3547 6103 9679 2743 4858 3453 3701 1996 4700 3272 6164 2312 9352 7451 7290 5162 1121 6374 9822 9391 7275 9917 6281 9016 7502 643 8910 2814 1655 3168 8757 5580 2798 2416 4823 6553 6280 6741 8146 3427 1397 6770 9038 1681 1945 3835 9427 566 1427 2566 1463 4055 744 9055 1559 5176 2608 7203 1767 8631 4423 213 6851 9772 3898 2076 1067 5264 6881 6083 6918 623 6889 6155 8292 2342 9573 7149 394 8341 1601 6228 1423 9443 7031 5838 5140 507 5922 1492 9098 6043 8987 2879 9206 9022 8651 7691 2934 7696 
7147 1231 1540 8323 6478 5681 6657 9050 1064 6834 4188 2297 9766 4974 4478 6116 252 3210 576 57 610 5366 2432 9732 9527 2138 4045 9025 4928 1735 6717 6272 466 7883 9737 8366 105 5629 4766 6018 8576 2418 387 3393 9529 7918 4984 8505 3999 2994 1820 39 4720 4409 8957 4355 7650 3520 5038 3090 9313 4069 970 6828 1327 8170 8490 4342 3498 830 8697 8661 483 4326 1389 1828 1094 5651 2403 9626 3183 9219 7761 8099 5719 3267 2058 3856 3515 9670 9159 6364 7582 2166 4284 204 5326 4785 9353 6211 
2004 4155 4516 567 7655 8257 2831 2952 3664 7932 8468 369 9842 8630 6441 3975 2736 531 5553 5843 4916 8413 6626 5520 3979 613 2677 63 7786 2273 6295 6858 7911 6385 5243 2288 527 3331 6596 4934 9921 1330 2880 1940 1970 4932 8589 5222 8971 5056 2034 3692 5412 2105 7503 6497 365 3199 6171 9038 9721 9024 1249 6413 6905 8579 669 6791 4511 5986 6600 901 9284 6177 2248 8426 3686 118 8009 2792 705 5133 8076 9813 4329 9356 9886 5964 8872 9571 472 9532 1164 7688 885 8428 5194 9461 783 1012 
7674 3608 3980 3425 3051 2322 2694 4071 5452 7270 2366 664 853 951 9821 8016 9814 5322 8550 17 4940 2292 9188 2289 8171 8654 7477 6843 1049 5645 5704 6432 5229 8314 7052 7437 1669 4517 9653 9233 8057 9405 2011 6182 6792 9685 1904 1553 6928 9053 4236 2609 9676 7225 1952 900 5826 4386 6376 1191 3681 5147 6802 3645 168 9550 4566 3489 3765 4488 108 6654 5065 8964 5502 1411 2244 4314 2922 6702 3837 2721 6643 1378 8214 2296 1634 7614 8993 6248 9109 1083 8376 7391 4758 7366 1895 7696 9065 9479 
4679 4455 3775 8291 5647 4866 1254 4169 8553 1676 134 5706 480 5716 8074 2625 1736 3637 6220 4977 3235 4189 2707 9457 9996 5516 4463 1363 6239 7042 5285 5376 6173 2119 1771 440 5575 7441 4047 4895 6599 2468 9457 3710 4992 1264 8874 6957 5683 5168 2841 4420 7923 5926 9684 7532 57 4810 156 4788 961 5027 5369 6643 6469 5157 9698 6925 4641 8069 2873 5287 8135 3074 1786 3392 6452 8172 6511 7086 4889 2984 6964 7033 5844 3094 3818 6472 2084 5611 3320 8820 1817 5469 4545 472 9405 3112 4457 245 
7059 7501 7064 4046 8781 6426 5908 5586 9556 5434 1460 6103 5866 8399 6307 8423 2796 2177 1038 7891 6418 8555 7842 8439 1767 7627 8337 3929 712 7340 7228 9630 2678 4624 2352 4878 1614 3922 9296 2982 2007 2067 1379 4348 7035 8140 8067 3510 9994 8065 6213 7850 5111 3087 7516 9361 6255 8856 5067 9657 8139 3331 8461 3048 8670 4677 1790 5086 3846 2795 6550 2839 6272 5787 4048 543 5252 1936 9292 1378 8197 4046 7173 1979 2063 9654 3950 659 4651 2580 2148 2150 2556 5975 7058 7063 1965 9936 1154 5193 
8849 2745 5431 7935 4295 5448 8948 4478 6039 3444 6098 335 8126 9138 528 7797 5035 2965 8060 995 1554 3520 3874 3849 3927 98 5438 892 6475 2087 5571 3534 8500 6420 6419 9802 3219 921 1186 7267 9661 9228 8177 754 9463 9443 3603 8404 5255 3958 1631 1936 2575 6338 6824 6770 822 997 1822 4775 2884 1107 238 8252 9609 5910 969 7058 4958 5679 9286 3719 4859 5593 2671 1051 4220 9657 4609 7050 3863 1162 2391 8111 1389 3753 8464 4575 9609 5615 9174 2672 99 5203 7293 2102 8505 306 5536 6274 
7723 2692 8044 4737 3834 7300 38 6924 4787 1300 8701 7573 410 5258 7406 49 8158 3089 3993 6386 3945 707 2017 3867 887 4507 6421 1746 7905 8633 2378 3767 2959 7131 7023 9841 9417 9923 80 5152 9809 554 3727 4727 6002 3426 2320 27 1798 2883 2869 7588 8991 3478 8899 9003 9531 7949 5690 1367 7027 8187 5179 8946 3497 9480 3549 1207 4285 1109 811 5861 579 5984 1605 7582 6982 9837 2787 9157 9147 1645 6853 1258 2283 7212 5569 7173 1063 7072 5512 2384 8079 3901 6438 3798 9874 5344 1017 3395 
2915 452 6271 7646 9225 3135 816 8458 1173 3779 7586 159 2373 9946 9997 8994 7509 8012 666 6145 987 247 3966 8617 6598 8016 7353 3099 8904 3983 689 7530 4370 1182 8820 4063 9212 8352 5272 4260 6149 4934 5897 9442 5653 2669 7105 8570 4140 4867 5331 2493 2408 9230 3481 6722 2234 913 2296 6940 6522 5513 379 7345 9951 7153 5468 2616 1611 2948 1326 5345 9284 3594 6762 2841 4751 2698 6414 4168 6796 6974 7824 2455 1970 5175 190 8958 2948 7878 7793 8922 2954 4543 9665 1591 758 1631 7708 4367 
361 3685 4608 6503 2212 9169 2568 5706 8525 1075 3094 9897 2485 439 2498 8902 2969 5020 6910 9915 3347 7018 4722 5956 9967 3630 4250 9545 4008 937 6417 9932 9698 3686 9060 9231 2954 2811 9442 728 9052 8599 5566 7944 5125 3552 9735 3152 4771 6903 7855 8600 1421 6901 6792 9888 4330 4051 5706 4108 803 3138 7771 2467 1200 2182 8548 4268 768 5956 3642 2464 9110 8350 7941 1233 320 4299 8553 6505 6029 70 5567 7370 7256 6143 1695 4905 6698 3090 6590 3434 3261 5399 2702 6480 5876 8608 1143 7732 
6031 5503 7575 728 3878 5733 6925 6046 7940 8526 9530 1508 7753 1579 8189 2392 9623 8988 5250 1499 8279 8335 6068 4655 5366 9959 8223 5001 6184 5520 4887 9998 9860 1881 8111 6116 9122 7961 9507 7770 3568 2268 1615 4248 2093 6900 3094 8579 2069 6323 4427 9451 4079 8377 2784 6520 9402 4259 7554 7096 4931 2878 3359 1792 1828 9209 861 1320 9818 4315 9474 4068 7640 206 2373 6315 1530 3358 7711 592 5551 176 9714 8403 8740 1187 4116 5676 6373 4762 9513 5097 2231 9015 7199 5558 4488 4184 187 1575 
3411 8755 1070 4442 1090 5890 3672 196 2012 6250 1212 2758 2163 9314 4624 5548 56 2852 5560 4963 1658 942 1156 8368 7493 7777 9425 8051 1574 7447 6425 1398 8430 8684 2039 1190 1851 131 8926 2439 481 4286 7882 8587 6875 9601 5507 6037 724 8265 7183 8659 8543 9508 6485 1878 1678 1433 2553 5010 3610 1061 8097 7641 5094 7479 2742 541 3874 6240 2129 9907 1511 4891 5033 3550 4141 4271 1880 7631 165 5038 8349 836 6047 2060 9417 7703 4115 4312 6687 6990 8163 4879 484 3736 2525 5779 3642 2953 
2354 2096 1568 5719 6030 4853 6977 4938 5847 1762 1882 5567 1482 9331 5368 1931 7144 4047 6656 9368 8122 9989 9169 8877 5360 5913 1852 1848 5400 3507 5731 7959 8805 3103 3998 1564 3771 7588 8978 6754 2654 2731 3293 8777 2931 4697 2098 1360 8331 1965 861 7418 9176 9759 8572 8122 1092 8905 4416 9969 9645 6085 5826 8372 4596 8309 2411 3647 8584 7415 6952 9338 1846 6336 1311 2088 4385 6910 5537 4190 2746 4477 9866 4348 4215 758 1771 2113 6208 4170 2664 5146 7348 7651 3321 5076 1969 505 2698 4503 
7467 1691 6130 257 3497 4805 2999 2089 2610 3944 9006 5421 7557 6629 4702 5290 8599 4536 9026 9545 7465 5376 6374 3055 9316 9301 602 1004 6900 4388 3725 288 1341 3959 2091 9016 2216 5788 9604 7681 1646 1918 4385 3313 8358 4544 3491 7575 2618 8349 2822 2467 7892 682 7142 6479 6219 6870 271 6966 5788 4618 7982 6540 5160 4290 8092 5729 2885 8584 6676 9822 4788 4838 3299 7330 5977 4163 1427 8984 5942 4301 7478 8453 1399 38 801 1527 3195 6389 449 7921 8166 8895 422 3534 3278 6333 418 6051 
8138 9413 8924 9660 5325 5388 9374 1208 5207 8121 6007 8477 781 2533 1663 4350 7484 5322 5846 3671 5406 9318 2305 3225 7631 9962 4964 1509 5178 8483 6524 9717 135 6090 7189 4084 4422 6252 574 9290 7100 7956 2372 3506 9018 2165 7855 9610 2836 7897 3982 3116 9243 9009 6167 9486 7198 6048 8222 5582 3065 5766 7894 6524 3549 4172 4174 1792 8647 1216 2700 3509 4358 5757 4212 8980 1851 754 946 8980 540 7669 1930 1306 6743 1223 123 7066 299 6926 7366 6474 9623 2621 2674 2712 2993 6456 2973 6244 
4323 6330 2361 8836 2102 709 383 4529 194 6248 5353 5013 9155 7456 2673 2424 3235 8477 3237 8704 9693 4664 8825 5989 4044 2377 7117 4353 6520 188 4259 5170 5993 6740 4735 8240 9057 6095 2196 5869 5212 1357 9353 3241 2115 495 5761 9226 183 5032 3561 9801 7682 1586 610 9119 8950 8102 6066 7966 4215 1961 3889 2965 6074 3235 7562 4996 848 3992 6353 6693 984 7266 4892 4036 6790 8383 2095 162 884 8828 7846 5580 2671 9826 9334 2889 2323 4930 4167 3073 5512 3875 9175 5818 3936 8748 8063 5424 
1110 691 3937 3586 7454 9906 8340 1351 4959 1317 1949 9044 7558 2466 9505 7663 9909 4278 6748 5481 834 2377 7131 1059 1221 4314 2186 1789 1686 7897 7033 5150 6351 8296 130 4350 6324 7558 9519 4093 4050 2135 4244 6467 3906 4465 1351 8880 2627 4864 613 4328 7045 5068 6322 6543 4669 1708 3656 2470 2085 2140 8531 9181 962 7669 7303 1278 3283 8278 7356 8519 6263 5781 2558 2491 1750 3929 1314 9996 9994 3675 7420 7964 2871 4322 2775 4516 7754 4251 6743 9506 3977 7340 250 7027 1212 6883 3502 6843 
2984 1579 6638 7491 4387 3895 6907 675 3728 1036 8149 139 1821 1711 6587 7960 6472 4534 33 7672 618 9241 7246 1968 7882 7307 1322 6813 7372 1335 281 3784 451 6490 7979 1835 8667 3021 2204 4847 4189 9765 8500 9382 3761 7702 6054 7768 1874 1957 5884 1308 3063 2436 5091 2464 2300 6746 8418 2599 2791 4342 9448 1948 6655 8396 469 5582 2319 534 1862 2082 4604 9446 7514 4996 8652 9326 1457 5882 2670 1405 1293 9058 4447 5422 7138 7547 1490 4551 3014 964 9378 7501 8366 6600 7793 3001 3311 7487 
9648 6885 4510 6093 6734 2348 6230 3725 3977 9845 3413 4767 762 2073 9279 7826 784 2277 7039 7164 4102 9486 4127 5476 4736 7821 5280 2153 4019 1990 2358 5840 3643 9098 8708 6847 8529 6048 6862 1290 5274 7580 8266 9250 4391 5834 2508 149 6698 756 9594 3717 6747 682 1559 3012 7070 9515 9484 8016 9289 3022 3448 9833 8726 3150 5869 3002 9389 8589 431 9424 9710 9002 3350 6011 2949 2244 155 7689 6152 6916 7052 8945 1558 9644 2018 6920 4359 8548 4968 2177 9349 1096 3141 1961 9753 5048 1135 8131 
2739 9827 371 5771 3396 3983 2036 7961 2391 6341 9869 9843 9277 1949 7073 2471 9942 9453 4885 1789 7602 9136 5076 2367 3686 57 7069 2916 5427 6474 3499 4759 6965 368 5955 4250 5816 3917 5610 7611 4100 5919 7139 2890 3616 5946 6200 4758 9843 3282 5020 3627 9297 7945 9472 5028 858 7595 7854 8750 5124 3593 8419 3920 2533 2716 9446 2431 528 9145 2721 9207 6535 1581 4726 4808 882 3157 4275 352 2330 9690 4588 2812 4112 3624 9283 6687 3442 3547 3575 5419 4674 6389 1397 9832 4154 47 9796 3778 
4033 2500 9248 7525 9666 499 682 4695 616 3687 8094 4549 9296 7219 7381 6738 2001 5692 7903 2054 702 781 8338 3374 3 2472 5591 9007 4961 6771 3670 7025 6010 2197 7938 1479 1754 2901 5870 9043 7015 1812 3414 5928 1160 9857 5385 7157 6580 8076 6974 5212 1533 5276 9104 3745 4951 6829 4471 7860 8632 3698 8026 6237 3425 9707 811 5533 4477 2443 1929 4606 2020 4310 6105 1582 7027 1966 8365 7114 6952 9946 7531 9752 4958 8725 3881 3741 4042 3080 2162 8413 8761 5576 7634 4396 3922 860 4709 2196 
6337 6515 9488 4950 6693 821 3225 3397 3611 2342 418 4896 888 2606 9346 6489 9715 4787 7807 4258 2357 5285 4137 7417 6940 5458 7257 1341 6556 8815 3479 7663 2651 6919 9319 5796 9936 9923 3541 5012 7938 1562 620 8601 2411 5870 9156 7821 7965 3200 6691 9686 9704 1190 9807 8939 1146 1263 230 4099 8764 9898 4413 788 2166 4914 1657 2271 3084 6844 2985 1075 3141 7860 7800 8124 9390 7624 1826 2297 2571 4356 2054 608 4782 3118 5710 4867 1535 6331 2845 333 2272 7429 2533 9167 7671 372 5943 7705 
9552 2960 6117 2843 6078 4202 5377 1312 2101 3451 5062 8114 8366 850 8454 2407 5090 3902 467 5436 5002 9077 5421 1727 893 9054 5967 1407 7491 5549 7292 695 1638 7939 8911 9424 3675 2858 9383 3192 7358 5847 2510 1593 413 7686 6410 9624 2277 6057 953 2236 2956 3782 396 1973 8371 2565 8584 6958 3898 8003 9954 2283 3780 149 3200 9990 945 8235 1255 1358 3101 3104 4080 3619 4799 4718 9510 1503 2392 4311 5432 1042 2795 9102 4225 6824 9373 4604 1019 3652 4655 7848 508 283 9343 2445 6243 6869 
712 5870 2988 1287 3855 7666 8392 3115 4351 5565 9253 6818 8557 5985 7909 946 2664 2693 9149 6344 5383 9848 9686 9139 1913 1359 978 3980 3452 6837 8941 762 4094 9888 3220 3445 1675 7891 1906 7009 6787 2867 6395 6015 2265 481 5659 5467 6503 1732 3222 4617 2208 746 1205 2669 5756 2948 6551 1254 5836 4309 9572 6226 1604 4363 2611 9545 602 5311 5979 9739 151 6046 9800 475 47 9584 7527 5309 8512 6627 6966 4325 6939 8271 8869 7018 4175 445 766 8667 4495 8420 559 5818 731 6607 4315 6200 
5342 4643 9430 3703 4220 2721 1379 9370 9216 4247 2584 3616 794 670 9425 2612 2759 6432 3055 8758 6719 5277 2885 9480 359 1304 3173 8934 2420 7179 6216 1292 314 4583 399 6485 5101 767 3514 5657 5755 9320 559 4826 9200 2209 1396 7534 4941 3212 775 8124 8348 8544 4680 1056 1822 2563 2468 6403 9563 9150 981 8553 2467 862 9495 6012 2125 2047 7070 3718 249 9926 4723 3509 1487 6802 6785 4154 6940 6645 3011 4050 9664 8263 3694 3544 2654 3728 403 2438 5757 5361 3812 4678 7885 6723 2779 9486 
7383 679 2389 4449 309 8820 7225 3077 8828 3341 4614 9649 9769 5320 2665 782 9880 719 2974 9948 6657 5417 4514 5508 4131 6487 5212 9540 7094 4574 9634 4725 8137 3060 1284 1205 6725 3594 5614 4295 4589 4249 902 2423 660 8786 3206 6997 9615 8898 4720 5667 6494 194 4609 1219 2127 3897 746 8616 9205 5445 7715 2914 6980 3106 6117 6854 8857 9047 543 4637 5094 9805 7222 807 5729 1220 5363 5007 2739 142 5960 5329 1796 4235 36 5733 2924 9210 7657 9087 3751 9744 2642 9059 7594 4120 5866 6361 
1512 1679 4996 7850 3369 6672 578 6235 7012 7604 4418 104 27 3874 7091 8002 2894 6917 4132 874 3720 9924 5694 308 6421 5489 1393 7044 2442 8995 2400 7686 5650 2982 9978 9991 7698 1429 4136 156 9331 7939 5585 9445 8244 9578 4870 6563 2687 7810 5258 3566 7119 7762 239 2013 3654 2527 9474 8573 7305 2470 6929 6599 2763 1805 89 4451 3294 8709 8909 6161 7537 9339 347 6135 9620 4897 7928 9430 4211 8460 915 3172 5107 7327 6766 4281 1656 6944 8037 9392 5929 381 3249 8576 1008 3965 8376 1332 
7743 3378 8183 2107 6198 7541 3662 1433 2524 7325 3421 5587 7706 6317 8027 2154 2964 8166 4226 9390 2947 619 9021 1492 5833 8147 4295 148 8215 4776 9941 5366 9593 8990 7265 5953 8384 545 2711 4999 849 7161 6583 3656 8805 8675 4630 565 7273 5137 4951 1752 1372 4989 877 4190 6821 7511 7251 2112 3643 8225 3302 7011 4484 8370 8530 9872 8233 2480 273 4615 8992 295 9330 4427 5598 3010 8573 6040 5099 4894 469 8701 3703 2110 8515 8060 7383 9911 4516 4123 2032 6214 9199 854 1798 2462 8692 2280 
1497 168 7178 732 1050 8740 9864 2293 737 2444 3679 3522 7052 2973 5767 6002 3428 4759 2320 3442 5242 5256 3156 2448 4091 2765 328 9230 5581 3318 5557 3386 9820 530 6673 9545 6314 2949 6032 6648 6631 1844 1906 626 579 2778 5657 4546 7471 8811 8828 5231 2886 1017 1713 1790 9936 2567 7874 1219 1028 118 6780 517 9648 3522 8247 2426 2244 2605 8276 1129 8475 6793 4740 6911 3701 149 8956 8112 3398 778 8474 6014 4653 4201 1602 2919 2336 8586 4757 3444 3230 1225 4857 4923 8154 6254 9784 7730 
9793 7499 1383 7058 7069 4373 3715 6603 2924 9989 2081 9483 4316 8700 7192 6758 3336 6209 9180 1721 7475 1540 5449 3988 5706 7943 9669 3700 5708 4771 108 3136 3869 9411 7160 1353 7199 7041 9724 2633 9671 682 7166 2558 3600 7867 5877 1955 7118 6554 1339 9080 4058 7723 1325 2193 1200 3094 2804 4065 6699 27 2140 5195 2821 3378 4592 6611 7749 5538 9169 3555 6948 2995 1143 9660 8009 2815 919 9596 6138 6782 7930 7569 1613 6838 6426 4257 1513 6423 8554 822 8776 4493 6306 6293 491 4165 2730 4202 
3707 535 8382 2347 4242 4446 472 9502 175 7201 3247 4188 4253 1220 6256 251 2948 9681 4393 8435 4865 4559 9574 1423 7052 6418 8275 7285 9968 7639 5339 7890 621 1273 9671 9639 2558 8403 621 1984 3295 6310 6320 9841 2925 878 6086 5422 9644 4912 9529 317 1715 3241 874 9516 5690 8683 1422 5747 1945 5443 4211 7790 2963 5287 4915 428 2602 4826 5999 5781 136 6318 127 1775 7624 7309 4674 2454 6808 4617 4346 8566 9906 3021 4066 5603 6186 9056 3160 6707 3351 4330 8628 7598 1988 4577 1927 7167 
3933 1021 9575 448 6752 5049 4789 9956 2215 1492 6447 2029 5048 3886 2649 2817 2517 9307 739 1242 3355 4416 9965 4892 5071 2950 9132 6283 3435 3521 7774 8501 3141 450 2736 2838 7895 2204 1237 7828 8366 5083 5513 8241 8032 7913 4623 6981 5150 3743 5448 4537 2848 1153 4928 202 5927 5248 5910 455 3428 9818 3320 4984 1101 848 837 67 7373 5901 7023 9701 7855 3214 9299 7643 7530 8444 7427 1162 8933 4454 9201 4681 2495 8617 2038 322 2723 3937 385 9698 5541 2367 7772 1032 1701 6278 7747 9681 
4954 2006 5117 9783 7160 1611 9392 9713 3246 8008 3530 3532 4538 6502 4724 4359 785 4072 5510 369 4228 4805 8543 2199 7188 7573 4019 1420 9312 3082 9049 8684 5964 146 1493 450 4137 2602 6815 5221 746 7922 323 3542 7164 4738 4134 6260 4947 708 3991 8875 7513 690 7437 5820 8145 6033 3449 7463 6595 883 8528 5422 8301 7056 3379 8708 4337 459 1175 390 6184 1237 916 2981 7246 8912 5217 3512 658 6676 3128 4037 6126 4017 4754 7455 7940 343 7080 532 2388 9575 4369 2553 9120 44 7548 4770 
9926 4897 6444 6411 2086 8080 3465 1981 2924 7121 8791 2151 4 2555 9001 294 6618 6810 5094 1150 5774 9969 4156 7347 3519 3437 9076 1350 779 9388 3633 5117 3112 7236 7949 1245 6772 4396 7076 9573 7237 4207 2378 8748 4961 8393 8169 4001 1408 4313 5337 1725 9173 2259 2827 1194 8844 8042 1320 2004 4574 2854 3351 8050 8979 7040 4708 6652 4803 294 977 9589 8999 6015 9209 9144 7423 4111 7064 4730 571 3724 950 5062 8148 1795 3879 4201 3090 5529 7783 5374 3666 8664 3617 5291 4191 5794 9880 3606 
8834 3928 7220 9311 9248 5969 1217 4532 6618 5735 629 2911 2659 3033 5074 1752 1383 6099 2456 8309 2218 567 2967 1587 7282 4106 396 9591 5288 2320 9640 5664 5322 2027 9546 6751 477 5833 5756 9277 4261 175 6412 5751 6330 2060 2151 1205 8703 4512 8831 2847 1584 123 4073 8796 2590 5814 6238 796 9787 371 6412 6417 258 8059 1953 4230 4057 9934 373 9798 3641 2282 3923 8816 8361 7119 3690 3947 7735 8220 5795 7832 3647 308 2146 9643 9274 349 9053 7908 8984 5210 7950 6032 4659 8237 7301 9668 
2693 1028 89 781 3672 7480 3910 656 6078 90 8926 6317 1308 5534 6693 3138 6628 3362 4643 4089 7885 1399 3983 8566 4978 6432 6879 6365 6511 87 7942 5369 5037 7991 5193 5386 1146 7089 5924 1622 1934 7573 9987 3980 3230 3381 1709 5237 4360 7421 4779 2224 3646 9212 550 4164 8446 3296 4157 5201 9403 7375 2826 1719 6731 3713 7429 248 9178 1075 6743 4399 3451 2507 7409 4471 8674 6546 1985 4629 4306 268 2734 4371 9841 8575 7866 7527 1427 3998 1970 8281 500 8859 193 4908 7526 7597 9676 420 
9780 8791 5008 2199 2384 1818 4557 393 2629 3202 316 273 5337 9726 4026 2093 354 4048 3881 8382 5117 6821 1795 8920 6691 1599 7670 2767 4754 9499 1124 9615 7913 7626 1473 1545 9859 4163 7975 1293 9140 2189 5379 5043 3916 9283 2024 2991 3166 4468 5361 8730 5879 3048 3911 8783 5487 2482 2680 3083 3151 6202 8688 2183 3167 2836 7251 4198 331 3691 4472 4534 8709 5526 4837 5646 7864 340 5787 3832 2091 8579 8519 9425 3493 3048 5255 2993 5141 3198 7383 8000 365 8050 2714 1779 9102 3929 7494 3099 
7740 3354 6319 8727 5370 9929 3927 6430 1863 5216 8675 5205 8939 6837 1319 1787 4578 3374 5758 2178 1712 7043 8666 7010 5712 2870 5121 8854 3981 3364 2862 1513 7330 2490 5906 9415 7961 9914 7617 1193 3283 640 1468 5105 3999 2760 5206 2972 8648 6699 8302 7083 9537 1991 4510 6681 5023 8704 3125 9324 10 6602 4869 5066 9944 4315 4642 97 262 865 2605 27 6538 3590 2022 6324 8750 8113 7047 2230 8967 9330 8462 3617 4908 5184 4642 4260 1492 3486 3101 9027 3354 7721 5594 2366 105 3042 8852 762 
7945 579 8638 4621 83 9118 8555 4549 7026 9642 9404 9013 7095 4386 6382 8255 8662 5091 9527 8790 3304 6890 7009 2747 5075 6407 491 6143 4850 9595 8050 2985 2882 9983 1881 2751 5129 4094 6119 3163 7873 5115 5363 8089 87 2824 759 1098 4498 5633 3504 5811 1113 609 9937 1787 8070 4140 1256 1980 6609 5207 7583 3023 8367 7302 382 1971 1835 2277 1378 4603 4238 6448 3603 6485 6214 1114 2759 5317 9317 1905 649 6203 5117 6046 953 6117 4164 3403 7159 2121 3612 5494 4749 8210 8553 9807 7393 1589 
4197 8937 6127 4548 1464 7624 5748 8729 2719 9729 3532 5794 8659 3091 1970 9272 5627 155 7830 3367 2229 1221 5703 1395 2244 9527 9929 606 3618 8796 1238 8899 7657 1124 8775 6741 7845 8153 4764 7589 8553 1726 6287 6207 2477 4175 7705 139 1146 3924 4214 7602 3149 587 1693 3626 1614 5150 8595 5980 1647 5930 1032 8288 6132 1795 8360 287 1601 7627 9764 9263 6375 1650 813 7574 2979 6043 1503 5091 5042 2402 7353 8766 4924 7579 6067 5137 9334 1009 8023 6571 3956 8449 4413 1088 5264 339 3371 1623 
24 6027 4157 2249 9757 1437 304 5962 4176 9454 3703 6468 2227 8635 1797 5977 5676 8793 2261 9883 5335 6726 7663 103 8022 2510 5461 2892 6300 1878 392 5500 9235 4677 5373 6081 6319 2243 3060 3251 4405 9180 1261 8846 6016 3998 5882 8292 8918 3695 4610 4381 160 3806 2487 9403 3438 4447 7092 102 3233 5473 4563 3063 5849 4655 1871 9621 6669 5031 3227 4017 1886 2933 149 6351 2568 8663 8778 8828 3007 2248 8961 9379 1874 1095 438 5633 8912 277 2808 8117 4504 5840 4788 2850 5163 8503 379 8375 
7283 1473 1838 8065 4056 961 2043 1297 6610 9428 70 5340 1162 5565 163 1459 8625 2067 6244 4219 135 1999 5823 9872 4351 6951 1134 2708 6338 358 2499 6856 580 8063 9771 935 717 3282 3130 2033 5184 7628 4604 8662 8065 5866 8374 6327 2638 4245 7736 963 7728 9846 4108 1109 594 8228 7624 5752 2297 8157 5469 1531 5097 5503 2305 9906 2937 8282 6759 5730 309 5817 8493 4824 8165 4410 5163 5906 4162 5048 7421 785 7775 2767 8183 7663 5279 7644 1571 1588 8109 2564 3582 3415 935 8212 6254 2930 
652 646 3047 5104 8455 8703 2971 29 5371 2822 9364 9073 3860 5724 8919 6459 7395 4587 4490 4571 498 575 4523 9337 6888 1309 9621 2142 8543 9903 2318 8954 9364 5251 636 5484 7117 5637 2870 4796 6934 9124 6133 2037 8394 1490 9690 3787 5418 6516 3098 9069 7665 9146 9725 7150 7271 8548 2072 4900 8496 6109 4538 1273 102 4721 7955 3747 7269 6589 9052 9830 7216 2695 1684 7441 8760 430 5097 9124 6616 3783 3358 22 8748 2328 9214 5001 4050 9798 269 5888 1566 3054 2621 4966 5371 909 6192 1130 
6605 287 6777 5235 1597 7729 1373 1864 5190 1777 4491 321 9758 9782 6222 45 8135 1457 7545 314 1310 8309 487 9386 7970 1076 3234 6262 9082 7667 2556 6310 4005 1506 2591 4589 9340 3431 8586 2798 2028 4301 3248 2225 5809 8800 5522 3295 3383 5633 8143 7973 291 2703 4029 1204 4124 3370 5650 2627 3293 9261 2658 1754 5709 5031 2307 5375 127 4623 999 6251 4423 2467 8414 5789 5681 1425 8491 6589 7471 7380 4149 4276 7171 2055 8101 6673 6878 4386 3783 4869 8197 7282 8477 4089 8563 9905 3959 1904 
5601 4804 3717 7438 1110 8902 3619 8607 764 1793 9778 3517 9171 4973 5214 137 2429 9726 2221 6141 583 862 1367 882 2228 1784 752 6787 1607 5840 8236 633 3349 2020 2626 8374 8048 7812 4589 5959 6369 9134 3179 5673 585 9655 7516 5697 4953 5714 4637 1529 3628 3146 3417 4701 444 5618 6987 9586 8831 5447 2374 5511 1 7043 5629 9984 8311 9258 7264 6293 9563 2772 5780 5294 4251 3220 6619 3173 2893 764 2446 8785 7905 3296 1315 994 9606 419 1280 7720 9865 950 4838 715 5293 2975 5000 2937 
257 2455 4411 5756 9568 2141 4988 7032 5088 4731 4810 4523 6699 8634 6696 8603 3325 1443 7830 4463 3900 8318 9048 4299 5843 3044 4026 72 4347 7502 4993 8057 336 6256 8042 479 935 7800 8265 5785 5770 4206 8194 8942 4248 9484 3296 6154 791 1626 5161 8453 5757 8976 4471 5006 7890 6315 3722 7561 2062 649 9048 7662 8037 3011 6025 9496 1016 345 3863 8746 9879 9720 6338 9173 6376 2808 9905 6364 9366 7469 1693 1976 9966 6868 7794 768 1102 8544 377 1711 6729 2567 9265 4220 4950 9034 9674 8727 
4357 1196 1120 6133 2178 6724 1175 9161 4588 2580 5598 4414 779 4066 7957 4834 7329 929 8988 6579 4356 8966 845 4557 971 9975 3827 6327 3412 667 9078 2371 4314 8479 9618 1347 9840 4046 2025 519 8990 9031 8912 3244 9929 1984 4450 7668 2271 6925 9718 2957 1068 2996 6763 408 4882 3411 2241 5334 6934 8417 9634 3799 9479 5298 8966 3079 9855 4097 7528 8512 5632 6414 5221 7592 4041 7058 8537 2069 9023 9922 8165 9341 3687 1234 4615 1143 7327 4641 5150 5205 793 3129 730 2231 4511 8022 8279 2541 
9512 3113 7267 1799 8810 9283 4359 58 9065 9433 151 4565 1300 941 3818 7626 4740 4609 7129 8721 5975 5467 9482 1168 7349 1908 4173 7382 2599 1628 999 1059 9010 7443 5405 7665 5588 3477 3432 4580 1726 8698 1134 5288 6950 2151 5732 4329 7010 4167 7413 826 6179 8050 1499 8431 7235 9133 9467 3840 8220 8127 7061 98 4436 7466 273 9604 8728 8587 2039 4984 1961 1785 6632 7135 6626 2060 8596 7924 8165 1454 8725 1918 9217 4008 7286 6141 3765 481 9018 7294 7978 9124 3431 3880 9917 1757 6179 3693 
7691 6071 100 1668 6785 9119 589 2185 5665 2736 7742 8446 5737 3891 6218 6795 8951 2567 6792 748 2824 2947 8213 2870 3229 8986 7443 5170 6922 3561 1275 9517 2290 6656 5292 4935 8264 2310 9545 2830 9084 9439 1022 7273 6554 109 4199 5890 2482 8072 3378 3976 539 2052 3066 6939 5273 2693 9912 5655 7950 412 337 5866 2264 7698 4306 4619 3938 8602 8900 627 5612 6097 1031 5964 6032 2304 9304 5644 1260 4973 1516 4153 6968 8961 8846 8151 9852 8368 5381 3285 1386 686 9413 1068 5183 428 3080 1006 
5716 7678 1614 9900 3999 6957 5388 2088 2300 869 9031 1509 8087 6442 169 4561 2647 8856 6693 2284 6173 973 4338 5609 8660 1278 6132 6920 7634 5594 3120 2598 9296 4433 6677 2032 8175 6451 1395 4665 1384 3892 2181 5548 9856 14 3774 8666 5477 8649 9370 847 2742 8554 5029 818 3528 6219 7861 5745 6724 2420 110 1815 7201 3708 3562 6190 2795 9084 6299 73 1603 1148 8724 3832 7204 8963 7507 2338 4888 6245 935 3593 2834 3197 5804 2004 212 2016 5080 8810 8 1113 3204 9349 9432 2108 5915 8606 
543 1560 1318 1429 8951 7091 1440 6986 6290 3008 8948 2571 1844 4961 3779 5845 6487 8546 9973 904 8504 2173 2512 7822 3876 564 3084 1466 4325 3271 8912 9649 2583 8067 361 5219 7528 9133 6015 7981 3951 5718 2516 5641 6759 2124 8099 9637 6879 5853 6754 3097 2809 5717 2408 6237 9247 3762 5203 4372 6523 9320 7565 7424 6975 3707 6180 1326 385 9414 9636 7477 2784 2292 2872 9938 8503 5717 3013 5189 6510 2503 5592 6806 3210 2921 9911 4536 4330 9694 4289 8755 7620 3468 5378 8081 3519 9298 6135 5670 
8365 9110 1453 9264 7285 7338 6447 9715 3785 8909 1978 1687 2091 2828 6417 8620 1037 1750 5567 7976 4161 3512 6121 8570 9986 5281 8329 6107 2301 9668 2262 3092 5114 375 5488 1875 5664 3268 8075 4069 7660 2848 7054 7472 7635 7326 4719 2675 37 4823 6825 1768 9280 4365 4058 9956 8639 7700 5305 7284 8285 2703 7280 7230 8589 4356 358 6200 2753 7586 8078 1389 3761 1215 3893 1849 5471 9545 5602 7094 2188 4448 8168 7487 6028 3521 7300 7178 6571 4357 6824 496 663 8311 2231 3973 9395 5498 22 8825 
1621 2218 2214 3066 2064 4337 7429 9619 5736 8316 7755 3450 1582 7898 5518 4889 818 4347 6479 6983 6839 9318 3738 3694 4544 2647 9802 7495 8646 3550 9945 1513 9495 1603 7289 1077 6167 4202 2175 5553 6398 6501 38 2908 1590 1007 7572 1844 9007 3924 3068 261 5763 9826 165 7404 9182 8469 6046 3000 1151 4518 3823 6394 4974 1779 1246 8330 1574 8508 6275 6801 8407 8143 1413 8113 2040 2274 906 2117 5447 1935 9923 1903 1640 6582 891 3588 3395 6450 7312 9283 5186 2288 3639 821 4348 4030 4966 7193 
3272 9637 3126 3179 1475 149 8194 7220 397 9415 4873 8399 4310 3824 7330 1925 7424 6837 8276 5533 9368 5328 910 4928 6602 3199 7951 6129 9353 6751 2108 2707 2704 1387 8350 1986 837 6594 2169 246 4721 9318 8624 6976 9532 5095 8582 3385 9091 6513 4839 7509 8061 3299 260 8884 7047 2050 8173 4882 3229 5996 2762 8390 7449 1135 7626 3160 6191 7432 284 491 6315 3655 4094 1833 6708 8660 8173 8612 7962 1182 9137 6075 7477 9915 4740 6500 4316 4045 2707 5500 4894 7368 6081 4359 3699 7910 9139 1497 
4973 6309 6335 4651 9946 5902 2322 850 5757 5191 2370 597 7476 5594 3795 2099 4551 4260 1837 2086 7434 3849 8678 6635 5278 2663 455 9976 216 619 1148 4923 3295 3574 6288 7237 2173 4031 3264 4577 7980 1209 4118 8492 6351 3624 3066 9300 9262 6598 5255 4345 215 6310 4463 3736 2268 8302 5059 7184 2269 8121 8734 2459 2428 3680 569 5958 3252 8594 7525 5843 9089 3569 3842 8154 7386 7927 8962 4546 6677 5891 897 3372 371 8084 9545 5903 6250 2751 8621 2935 4423 2957 1691 3860 2296 4803 2386 1608 
714 3796 9953 5773 5722 2116 6150 5093 6872 5443 3439 5948 2147 9829 2976 8571 1912 2957 2204 7342 1248 4268 6683 6243 8371 1520 113 996 1944 4208 6943 2675 7592 174 1894 7819 3018 2531 3154 1581 7743 6294 6361 6395 9477 7347 3940 7548 3616 4363 9635 107 9892 9954 8713 7643 9046 9402 675 7132 2973 456 3971 1216 2510 1977 2438 9062 6676 2284 8398 8969 3996 6295 1467 5778 4666 8905 5338 5996 6838 1873 4674 4133 9542 1331 1588 6135 4541 6013 2298 8760 6734 950 8327 8167 287 9081 3852 1803 
8416 4893 6515 3357 5572 4117 9611 8751 9196 3816 5813 596 3451 1969 8654 9819 9926 7166 4291 5670 6715 6914 3677 1825 6143 2241 6205 3395 1463 2485 6440 4152 9061 3497 7958 4408 6783 412 637 7206 4856 5978 5206 8520 7722 2227 1926 4005 8047 4448 5868 4630 9507 146 2595 5085 8771 17 7173 6681 39 4854 9761 4593 8109 1710 3141 7048 5204 8444 2304 1785 1236 5667 6999 3302 1448 9003 5610 2142 7031 9615 1490 9642 1079 6988 6829 8881 5169 293 4190 5377 8261 8459 3504 4824 9644 7875 3752 736 
3091 877 7271 2931 3328 5472 3458 1538 6999 4406 3159 2032 8750 414 9030 5787 1554 1816 169 5678 2117 8077 9371 6613 4922 4351 168 3591 6083 1313 7828 176 1735 8862 2504 7139 7551 5709 4747 9259 3397 579 6740 335 903 5032 1885 5288 937 2264 1610 8645 7908 6658 4087 7687 3403 549 1855 5239 5051 6696 6408 9028 7914 2091 5266 3033 8970 8356 2582 3698 9052 1442 6011 4175 5131 8398 9857 3136 9703 1521 8107 5327 3559 6784 9827 3487 261 9697 62 940 115 266 4035 6020 8791 1339 7589 7703 
8217 3868 1588 402 9296 1332 1322 5101 5546 7301 5284 5205 4998 856 5368 5551 1921 1202 4991 1723 5055 4300 1863 2580 4712 1107 3561 8752 9115 4456 5852 5047 8192 5447 2545 8756 6779 7914 4212 1304 1542 608 6804 3458 2559 5632 2139 1515 8408 9682 3774 9023 9983 1884 2862 8161 1575 8569 9522 9279 7266 6963 6563 8288 7457 124 126 1259 1725 7648 1715 1695 4424 8584 881 5661 4198 2709 4235 688 9483 7200 5337 5960 4878 315 1452 4190 8416 1263 5456 5756 6184 8799 4690 2518 9314 5954 4184 7221 
4837 5919 4825 5396 5574 6785 9369 5842 8155 961 2781 6338 9400 6891 3897 3581 4194 5949 58 9406 2948 8087 5927 6543 5348 6290 7729 942 3339 2544 5015 8885 1753 8434 317 2941 111 7409 3496 4860 1408 6018 1580 710 4107 4307 7771 4005 2384 2434 3807 6997 122 4133 9124 2923 51 9647 3116 7153 3164 1863 443 1628 43 7911 1809 2800 7903 4713 8414 3067 3756 8532 5032 3254 195 1723 727 6639 7353 8992 4201 5197 7263 4325 7162 8442 3329 4951 7999 2333 2509 4098 4919 4610 1756 335 5074 8986 
9464 5221 8521 7772 9521 7168 3849 2468 1553 7953 70 4599 3075 7052 2019 8927 3197 892 4952 943 8275 7212 1438 6933 637 9068 8557 604 2545 1432 9391 7585 1803 7339 6933 1768 9353 4933 1538 1370 9786 4020 4245 325 5512 1837 9855 4891 187 6325 7985 5936 3775 7414 3822 9354 5823 612 2195 767 7375 5167 6197 1667 5545 9825 8860 4929 5560 3207 6010 8232 8000 5113 6716 5199 9949 9160 3096 2028 3220 3048 82 9997 1344 6739 4039 9424 48 7980 1320 7242 3550 6126 6212 3460 280 6147 4258 3266 
536 519 2374 7635 9820 3737 7536 9455 4426 2069 5316 6379 5565 4570 5554 8033 4370 856 4660 5996 389 7940 3268 2238 5198 3015 3420 2033 6749 1687 9298 8223 9737 8085 4276 2896 7728 6124 2392 6753 4429 32 8652 6657 4888 655 6301 9833 4726 9845 327 1771 2004 3700 7239 2456 2611 2123 1482 7124 7145 2877 1496 9358 3962 6083 713 4514 1154 3294 2661 7627 5671 4844 4277 2307 9390 3870 7456 1578 5880 2117 968 1817 5786 9986 1764 8647 4662 2117 3316 7827 1718 6196 513 2107 2755 8668 9699 6568 
8725 9895 3910 6341 2433 3865 3121 6658 3145 9588 3114 1494 6624 7455 2713 8041 1285 4333 6363 7471 5906 4580 6241 7998 553 7305 5065 1863 6754 8151 6816 4458 3907 3195 4696 8151 3133 7383 9602 6710 76 8854 8505 3942 5841 1307 3538 2020 5594 9864 8412 2451 302 5207 9943 5882 5640 8157 5111 458 2991 4855 279 3258 1453 5774 2901 9729 3177 8434 6236 1935 9731 1201 459 9516 481 9909 8029 150 3901 7255 6716 8144 1244 4937 3271 7012 1546 1425 5890 8607 7166 8396 7172 4774 6066 2519 1396 1723 
3349 6871 7687 2025 8920 399 2611 9266 556 2668 6354 4649 4274 9653 2074 4623 9344 6152 4863 8593 5852 6732 7455 3750 8243 723 2441 399 6361 3393 5962 8131 2613 4493 2054 3250 5078 7753 1377 6626 9446 9982 3116 60 1194 4094 7749 6977 9038 78 1108 9994 5031 5122 5090 5340 1391 8828 9155 7695 2149 4314 9634 376 8267 9024 6621 5900 4288 6375 2791 7100 4417 6076 8384 6535 6349 791 2904 1056 608 5750 139 3526 5933 6771 9218 1979 6535 3089 819 7664 7595 3552 8716 3151 708 9134 4587 5981 
2806 5833 6211 2419 1505 7274 2163 7954 3410 6200 402 7316 7395 7378 8720 7491 9418 2876 3608 9407 8851 8940 6721 5129 4760 152 3102 6924 8032 9197 4826 3116 1896 4031 8890 96 7038 2841 8086 5227 6858 7993 13 6743 924 2979 7224 2058 7235 3994 6110 6620 8530 9436 9071 6247 5380 9684 8412 5102 5079 2684 6755 8785 2644 7515 5027 5397 9954 4855 4428 4780 3286 7792 6687 8858 2681 3354 1555 9419 5995 1978 2121 9299 9584 599 5679 7528 8182 1890 3861 1906 6034 2923 5594 8690 9020 6123 5806 8436 
1827 8204 9269 6828 6006 621 7108 354 6530 259 9514 7600 5976 4078 2659 2597 5526 61 4498 7794 8793 7269 116 7367 3998 3470 9818 12 5046 3662 6652 70 1481 6159 112 8289 2021 2045 6718 9131 8072 5672 2484 96 655 2663 7739 1220 1857 8686 8504 2318 4749 8521 160 3199 2418 3406 8878 1596 2031 9705 7541 1619 6145 2492 7178 9993 7785 5621 3687 3309 1703 4998 9271 3886 207 7761 309 6458 3043 2589 2620 1335 5134 3195 1872 6756 2748 4796 194 7819 6871 3066 3021 8011 7385 3226 8958 6933 
7565 1213 8296 9742 4918 988 6003 1257 9751 2871 8498 239 7223 777 7577 8578 6062 3297 1334 7473 9450 4387 1701 5745 5347 7600 4871 9096 9989 4432 5093 4448 4251 2882 8862 8042 8817 3661 8079 606 9556 2275 842 2572 7041 6360 4494 9845 2461 4235 8952 250 6932 6239 4097 6253 5485 5483 2745 8728 9917 9764 1271 2295 1366 596 8397 6133 721 5565 610 1868 886 4152 3128 9255 6049 7013 8431 9675 1977 1259 944 745 8724 3808 8186 5246 7111 6344 5711 1117 7896 6228 4986 9597 9293 2070 280 7399 
3179 5816 1755 8146 9461 5147 5660 1439 6588 9763 1519 8310 6526 7773 3253 234 2126 7782 1975 9470 6844 6109 2319 2125 333 4590 3886 4349 4380 6952 5679 9579 6945 8227 5857 8366 57 3810 9930 1832 872 6511 8963 8515 2651 6865 5588 2276 1741 667 2617 6324 445 1878 9796 6745 5834 2366 7189 4968 3662 1690 1136 288 648 4644 4648 4809 2878 6980 7361 5185 8198 7630 1705 9665 5114 9023 1912 2358 1034 1649 9880 569 4645 2198 9928 1367 873 1223 6094 3881 6445 6487 1876 5256 2406 5225 3316 5480 
9682 9216 7485 1254 4244 5840 878 4495 4442 9571 5759 8833 4622 6844 655 8835 3413 1887 664 5519 9980 1686 3148 9817 1339 9318 7416 2213 2709 3688 2317 8153 6629 1637 1004 8144 5012 6793 1195 9387 7537 7736 5542 3950 9890 1624 9603 1723 3477 8998 2357 1736 3790 9643 6302 1292 1996 6543 2528 4785 9170 8893 3198 7239 9642 4571 5666 9327 5512 774 2343 2516 4562 8735 36 319 6026 3463 8018 7777 7373 396 3436 3722 1231 5986 4438 1202 2356 2716 6994 1879 8206 6273 207 3030 1457 6677 4632 70 
9488 3861 8838 6463 9240 7610 3519 4592 9369 632 9029 6362 4399 9955 1234 2542 7303 8030 2823 9070 2378 4005 6453 1321 3435 9095 6402 7819 3277 7698 839 4977 999 6094 9902 4203 4173 9733 6509 410 1739 8717 5513 442 3248 4682 2733 8255 5959 6337 3119 7221 2983 5573 2560 3026 1338 9309 8286 6437 4274 3505 2075 9370 1410 6761 3566 2242 5367 212 5538 4218 340 9177 1005 8323 5513 7420 9471 1767 5073 5123 4619 3760 2911 8001 1353 5814 2085 6604 914 3533 2078 9747 6283 1176 1095 9660 7124 6714 
7925 2137 5040 2880 7913 3368 6501 6572 673 9261 9265 8753 474 1547 4650 9624 969 1852 7752 5392 9334 6667 2604 6220 9208 3156 3694 9842 3089 2127 164 8276 8011 2176 9789 9717 3753 3225 74 3264 8819 5163 3851 2120 880 6646 9187 7166 527 5121 1213 4624 6625 6803 8221 4536 3021 5121 7504 1573 9229 2100 8741 6033 5151 2149 6197 2172 8589 7201 4793 6029 3120 4709 8600 6198 1363 3417 4577 2993 5990 37 6798 6258 682 1939 3309 727 7446 1793 5344 3525 2153 4258 3095 5100 232 3339 9899 1486 
6548 4477 6739 5633 2715 981 7696 4855 7749 7881 3305 4519 8168 4502 1840 399 5123 365 612 8648 5342 7122 9626 4147 4883 8700 8727 5846 2812 6530 8334 3921 2323 7378 820 9907 2241 1678 5151 8584 8423 5737 1561 7090 7117 7814 3675 4159 2555 8704 5683 8388 7958 2806 893 8944 2109 4618 4795 4578 7313 7137 5165 7250 4642 2645 3088 7971 774 8315 5109 538 3143 1650 5450 6624 6598 2890 3273 585 4890 2630 7408 5140 8041 6952 2291 978 7281 1544 2315 5412 4616 218 2548 9547 5541 5137 6592 5825 
3354 4353 5948 1584 3516 9907 6293 585 9237 2406 7117 3827 5654 728 8604 8038 5363 4251 3500 2416 6037 8559 3353 9801 5950 2579 1050 1052 4255 2264 3318 4436 6236 8052 5928 7441 3601 4107 6556 4258 1912 6164 9048 32 4503 5589 9525 1252 7429 7005 9686 4614 6472 6719 2567 4068 8158 1054 1336 7451 8615 6988 8865 3636 5939 9795 1210 2355 8004 1029 9649 1317 2726 3321 156 7086 1948 4768 2753 8829 1603 9743 4895 8876 1703 4376 2805 7145 822 6294 98 9390 8141 1812 1063 8313 568 9278 7651 8969 
1372 3319 369 3643 9745 4075 2861 3689 7382 9070 2045 133 2277 6435 1161 8680 9128 9722 5449 9999 9214 4803 8502 8369 1380 2431 8297 8823 4017 8881 3830 8309 803 9904 1685 1339 7867 4516 9433 7935 4193 4108 8804 1050 8820 4349 7364 7258 2647 5208 9223 5051 2989 3468 5271 9711 8633 4331 3878 7095 6 4413 1851 3238 6278 3810 6029 5099 8253 9797 8099 2667 2451 3146 3723 8607 5426 5641 8505 7938 492 1446 675 8710 8229 189 6672 6048 8800 7765 1714 4850 6301 851 7996 5513 9578 2989 4048 9594 
6869 8677 8433 435 3432 3870 5569 9910 2105 1880 2490 298 1252 4402 6771 2609 9835 3149 5238 1420 9358 6439 9354 5495 2557 6393 563 8584 1083 693 4606 1098 7286 6883 3935 3949 8469 8993 3706 1641 5073 2950 5766 2154 7787 1485 4729 167 751 4130 2520 3424 5197 2104 3725 7967 8468 3689 1155 405 2644 8343 6981 3970 8599 3928 8091 5749 4606 3586 7593 5975 3492 3237 981 7770 9346 1318 5871 3612 2877 2615 5249 846 8050 1196 2875 3059 1853 7908 790 9244 7780 722 111 8766 5636 8590 9132 8267 
6324 621 6392 7544 2888 5726 1776 7863 4437 8759 7567 485 9582 4236 6499 3203 5064 5090 2935 1836 4621 5126 4567 3471 7911 215 9804 1850 446 4749 7039 3768 9375 1168 774 5973 2178 1254 9253 2032 2158 4390 7134 9021 8658 3131 5161 4586 2553 9170 8289 6488 9285 8545 7786 9792 7364 249 7691 7567 8735 2549 1290 2085 9729 6561 9436 1721 9838 8018 8163 8835 2786 9919 8446 8041 9274 8889 9252 826 5991 4346 1597 6618 760 5567 6430 2162 1703 7158 8217 4121 1471 5967 4356 9533 5928 1205 1266 6574 
4061 1611 1187 8358 2991 6307 7199 8845 4236 2503 5351 7359 9936 3303 1467 6120 8619 3839 6026 9659 2473 1344 1097 528 7741 6944 4908 4034 7425 9185 3012 8184 7585 1621 6298 5024 324 4346 6633 9703 6689 7284 6211 7179 3619 5495 7689 5364 1010 9911 5561 742 8964 1892 9415 6146 7861 5013 7276 1809 6643 1105 8799 2521 3187 7970 7919 4771 1795 5846 7094 2630 6131 2136 3019 5709 7897 8652 5505 7798 5981 6238 5815 7081 5182 8845 9925 612 978 7325 3561 7656 8894 1105 516 8391 9810 1810 9583 7165 
6363 8967 6234 8699 9345 1081 652 7583 8810 9665 5100 7456 9325 9130 2629 5860 9127 4413 6177 9543 7927 4490 5111 1893 8136 5942 9325 9324 7661 5147 620 8755 200 4109 1239 9487 162 7978 6007 7460 6516 3237 4725 6954 4012 3685 2440 3977 7558 5605 3123 5362 5412 3278 9591 5452 4845 4818 8632 2310 4272 7452 9371 2933 3381 8723 5301 1343 2854 6687 7168 7829 7702 4288 4910 2669 5186 3850 5744 381 8566 1336 1223 2018 8653 289 8356 4273 5652 8075 8342 9787 9009 7918 9873 9649 9242 6504 7364 3666 
8236 3084 5535 6262 980 8372 9859 8381 7140 6103 6269 3218 4912 782 7874 3706 8808 9013 2195 6068 6733 3386 8328 3371 8133 6501 1801 7728 2320 7570 4578 5548 6320 4119 9088 9981 9531 6319 426 9523 7038 9005 6596 7828 6887 4372 7210 23 7464 7460 1118 7937 4604 5939 6838 334 9562 5129 1083 3772 4184 8136 1433 1171 9357 530 253 8432 3952 1100 5800 3130 1103 137 3571 2745 8979 7541 993 4767 2823 2374 9748 3820 8331 1723 6334 9442 9261 6711 2591 7773 8454 5140 9552 6586 1538 3305 5540 8280 
9287 4433 1216 6777 2029 3897 1196 2834 986 6313 7389 8535 3319 4371 7827 3782 4994 3783 8624 4744 8514 5793 9004 3368 3655 7274 9483 4356 2640 5551 3268 1316 442 6490 597 3362 4771 1462 4799 5515 7864 8623 6976 2090 7618 7819 8824 374 6096 5072 7731 8073 2630 4689 2685 3464 3978 4291 6147 8333 6228 6003 9104 9496 1589 5930 9489 2239 270 5954 3435 6120 321 1847 1584 588 7746 2874 7396 958 7999 2423 7675 2074 5154 4968 4065 1716 3336 4832 9243 2734 8520 957 6727 6568 5106 2175 852 5492 
2242 1403 3108 2081 41 7256 1164 5755 6528 8508 2860 9007 1426 6321 1776 3275 4439 3756 2654 7411 1575 721 5135 9718 2635 2482 8766 8804 9175 2968 7916 2423 6602 7959 7216 2162 338 4364 620 3993 9149 8477 7836 5832 4705 4958 7905 1992 1162 8105 5196 9017 1834 4007 4141 6122 9128 5762 3680 3715 3600 4856 2241 7733 7959 5849 5412 2865 1903 2935 1731 7939 7111 2187 8416 5346 4919 4609 3964 6686 9672 7253 8840 3730 7794 6731 9825 270 3633 4466 2739 3922 8040 5096 6574 3957 803 1946 4111 9704 
524 6464 6839 1647 35 7170 2222 9713 1115 8144 841 8764 777 5561 5457 6077 1903 3555 1441 893 5721 1011 2603 2576 1661 4383 3613 2145 3993 835 2869 737 6036 9939 993 4964 5030 859 9808 9062 2453 36 3316 617 9688 6611 1072 9858 4237 5704 442 2779 3601 406 9175 8589 1155 6466 8732 9083 2467 6945 7406 501 4525 5761 8980 7513 659 8314 5528 2119 7470 9547 9723 5094 943 9595 1606 138 6880 4077 6236 7030 5856 9362 1733 8667 6881 6800 7506 8607 4754 9581 8448 309 8715 7232 780 7581 
7235 899 4889 5187 9952 4792 2972 7786 6623 2225 8355 5418 4305 9821 3641 780 8295 4942 5792 5729 6963 1607 5457 1314 1276 6672 7800 558 3111 4410 6445 1045 1865 4988 2530 2155 1798 6135 2732 6201 3425 6 4445 3147 6813 5416 1446 4072 4878 5955 9755 1940 4209 3655 7724 120 4322 1504 3662 6941 8352 8817 6180 1839 7011 9641 2783 3530 6449 1707 6509 6805 6221 9335 449 2067 6027 4161 2097 5535 5435 4754 9914 6795 80 1991 5046 9348 8422 3058 9233 6193 2654 4130 5251 8102 1697 1777 2526 7770 
5617 3004 3336 7491 17 4259 7736 456 1445 6337 9460 7830 4517 1657 6761 8709 7854 7102 6456 8639 8195 8560 8713 7668 3887 7775 5421 6079 5449 1874 9428 1616 8130 7176 3145 511 7126 8757 798 543 3309 6226 2813 9957 9710 6975 4364 8708 5005 7351 3084 5859 3241 9967 6227 7782 926 3220 3240 5223 8221 38 8562 6676 6116 9352 9339 265 6689 2906 8282 51 34 2870 8652 6068 9847 7858 6941 4707 6639 4198 881 2132 7055 4153 6169 2960 9431 536 5678 7158 1645 9372 9008 1460 4944 2555 5521 1295 
5116 3117 4734 6862 2994 985 1493 6247 3729 6884 9538 3470 5146 4000 7823 9294 8859 4899 421 662 2742 2415 8618 1530 9666 2581 7957 7521 6281 6505 3579 398 7773 4225 328 3263 6369 4581 1554 5416 186 4762 1022 1906 7542 2820 4999 4284 9470 6904 6392 9608 4690 8478 963 7967 5774 5442 6826 9453 231 7422 7814 7948 3883 894 7555 3772 6346 1632 4136 4625 2932 575 2494 2969 4168 7952 3238 5071 5390 5736 2766 9636 6620 4080 1029 7622 9885 3701 8441 4712 8942 8996 79 38 7478 8730 245 6269 
1378 9374 4082 7261 8278 1402 9453 5707 7399 4995 2069 8857 384 9892 7334 8882 3299 5033 4170 8480 4837 4805 7971 1637 2121 1524 872 9862 792 3469 9094 8773 6147 4560 9399 488 8200 8548 971 9728 280 4019 9845 2188 1604 8682 1657 4359 2556 1839 4570 6281 4468 8723 9471 2651 8143 932 4632 3893 9815 2088 6266 734 2436 763 6240 1642 5046 7537 3943 8873 8274 9415 2193 9566 3355 880 2471 3045 2052 1960 6105 5282 4297 5266 6845 9101 5790 8132 9645 5924 8606 1775 8176 7484 255 77 366 7939 
6747 4958 1339 4546 9808 5550 3783 5196 9043 5591 4700 1594 6454 8012 9561 5138 7634 5545 2454 2402 3642 839 2731 5731 9894 6467 1484 5573 5079 5787 8541 10 2702 7640 3917 6367 6432 4308 593 2095 9918 1499 6767 6258 4501 4756 4621 3846 5825 3435 6556 8937 9541 2770 5038 9550 8141 6851 465 1253 6601 3856 416 9782 6891 1175 9284 313 4900 8276 6318 6047 3794 3109 4730 8372 3170 4885 7864 9129 1027 3203 5999 8319 6348 9747 607 2195 4345 9404 5000 5188 9097 6861 1872 1840 2531 9074 9242 5878 
3372 8818 6673 4423 908 2936 5979 8189 8587 2419 7406 7657 1809 3898 5933 3369 201 9157 6657 9910 2438 7857 684 7058 7112 2059 8745 3065 8251 7701 4434 1490 6939 4694 5720 5288 1147 8043 2881 6139 9397 1755 7906 8717 8792 7056 7583 2684 1582 5068 9847 7422 3405 5107 850 103 6701 902 3119 8530 5544 2691 2422 6692 7678 382 7413 4987 261 1227 7774 1961 5622 7839 2299 8091 600 7017 6958 6722 2469 925 2736 270 9130 3224 8435 3133 771 165 9459 2346 5452 661 9542 1841 3629 7260 9523 861 
8232 1850 6218 5358 9176 7305 578 1940 3883 1974 4357 2625 4506 8835 1643 7388 9915 5346 1329 8011 5223 5508 8235 4914 6987 4843 6063 1933 4629 2009 4773 4161 6647 1293 9761 531 8527 2521 878 6697 5944 9683 7856 4997 4480 2234 3977 2187 2495 1554 5146 1926 2777 4199 586 4709 9703 907 2304 6696 9507 1467 7801 153 6197 5543 4246 3913 4477 615 8962 1610 273 5267 815 7268 6941 2397 666 9161 6207 9594 7264 6271 830 973 8264 3057 5747 2375 1923 7724 1607 1146 9193 4705 7145 5611 88 3209 
6799 7858 3904 289 9036 5294 4633 2266 1870 6590 3777 4991 1026 8490 1299 1833 920 1000 5616 7234 5823 9879 2599 5995 6455 476 536 3589 5211 8209 2252 8217 2551 5143 5749 2683 792 3565 7919 5730 1609 761 6358 4773 5553 3391 6762 575 8143 4391 9717 9525 6446 6404 6439 1725 4520 1949 1250 4593 6949 6699 4885 5695 4573 7310 4917 8512 8512 1634 504 4632 7263 1896 1827 2180 5522 1845 7828 283 7567 3838 3456 9226 8503 8850 3628 3727 1159 5099 4699 7728 6317 9048 3359 4229 1995 951 5344 5565 
