72855 87343 99915 84584 99005 
14601 79278 62960 33855 23640 
86580 66554 79262 89833 95846 
27860 69658 84704 16784 51532 
39468 99911 26261 25595 90602 
60407 32387 41964 48929 16616 
44919 54440 96111 64708 52217 
81756 81431 33823 74351 66561 
62697 69172 61410 76580 26580 
58536 53493 45835 55438 38659 
16009 13931 16836 25611 78935 
50011 92575 28591 52451 38878 
49080 89727 39379 36612 65644 
99713 14271 51194 22022 19186 
99158 34830 47920 52182 90052 
57833 27835 12917 26290 37598 
40127 21727 52637 57381 14142 
44767 46206 96317 48624 93042 
47700 11306 97136 30804 48784 
91415 53481 25980 46091 56756 
79478 59085 86842 87891 78751 
60415 79773 76015 42735 32937 
51388 34249 20651 94838 32329 
18888 25610 21247 58445 90198 
33661 30998 11069 17702 56747 
48533 51509 22237 84839 54271 
81751 94402 69818 97375 38795 
63072 63442 52735 11411 89714 
49001 59486 82261 94090 55716 
36734 29781 69472 81148 55211 
94483 58221 18408 88242 51704 
67192 78958 34566 67125 86136 
88764 54435 28007 17811 37912 
93503 30771 10016 61554 37156 
13257 44095 42762 33440 43098 
73140 13483 83717 64390 28751 
69253 91700 50830 61963 98512 
68084 99139 98904 21102 87888 
20748 84790 77643 33811 29715 
68230 49410 51570 59148 94111 
77501 72036 12116 43889 83957 
15595 90223 30469 95158 80250 
85743 70461 98961 56329 64568 
63046 89414 95189 40314 60853 
26878 61878 68838 83404 34062 
82402 15941 21288 78751 10250 
31877 94705 48670 31971 38097 
78362 32165 12410 92340 47555 
79169 55409 45118 60285 84760 
29906 70587 56543 42212 58166 
64603 69368 76383 97847 73337 
96561 83186 84306 39375 75129 
27939 66568 36441 80262 18094 
42929 72221 16136 22907 87814 
69161 66044 90799 16682 45632 
69326 11082 19090 68759 11063 
88970 16866 78226 68204 16496 
95921 76127 52819 50837 11591 
75852 61830 72927 46603 57462 
93163 91925 22886 75882 69666 
55476 74195 85297 77286 35931 
96909 37706 60476 95840 69159 
21053 89162 61347 82549 57041 
95797 79995 49028 16505 29449 
36219 97963 66752 54071 52259 
31430 55693 85555 58991 53910 
17619 75193 92410 49041 55958 
47847 36606 10509 46665 65664 
24275 32338 78779 89819 36080 
77810 90841 58001 10444 64276 
38395 17046 98743 68968 92379 
32675 39357 50021 70224 20691 
75147 32793 24633 72050 13542 
39183 50440 57809 44880 39562 
72927 37481 19213 28833 71014 
67089 76673 90117 78015 31866 
53144 87904 35034 49968 10695 
77719 27061 89159 75170 21555 
87144 87894 47388 73557 99424 
50007 11913 39862 98509 30109 
88763 37634 49610 58190 31666 
24875 61096 55029 56373 62604 
35117 24621 72756 45625 60379 
52797 32626 66233 17266 52100 
99743 13930 71128 25709 65658 
29292 24306 63147 94296 30254 
14931 26282 34021 35997 73232 
58632 28939 91193 51003 37455 
49817 39376 31336 25642 96486 
59837 76829 87383 23566 94754 
49471 73647 90638 52641 23139 
84790 96531 91894 90953 66892 
70130 59274 14906 86149 35061 
61062 41991 65060 32573 84163 
81661 47010 98300 67662 57069 
50920 72408 55795 26188 15981 
53167 12009 88209 23477 92575 
35680 24010 73896 81489 62306 
11571 24205 30660 89155 13237 
52525 64968 40117 18777 42939 
