62199 19485 88390 26837 68371 
93225 26551 93800 60491 38209 
93975 27158 33438 72636 79133 
11102 56337 23074 84114 73150 
99098 18796 60298 40444 76499 
78803 38356 16556 12523 45544 
10457 57601 21920 69616 69634 
11791 82703 99432 57726 80874 
84415 26734 85174 91815 84649 
46674 43558 27101 40445 94713 
10259 18174 47077 18588 96878 
68593 20315 52006 67740 57000 
51452 37490 75195 72389 88320 
57844 26029 14382 29067 11667 
10571 83533 31085 89561 70493 
78034 43584 37021 40929 77406 
63047 75261 27648 46677 53922 
81729 48541 20420 12869 86124 
67663 42396 36737 94849 44379 
50060 20581 68118 66805 41073 
48946 86559 39215 56266 52139 
22429 30963 56915 63680 80992 
60587 93833 12644 82976 27874 
98345 11454 11703 46181 97339 
61600 84127 24293 56145 46378 
82132 62929 98385 63006 72108 
86796 62259 66469 47747 84500 
62126 56937 12887 44418 65089 
88405 99024 70356 94498 18463 
97303 80260 60024 13787 16357 
88388 37730 68936 78931 11063 
21861 44661 97202 18906 34935 
22481 17313 43317 71131 39315 
40306 95100 50171 10894 88926 
44725 70816 65667 82162 62253 
13175 77657 11121 54980 27314 
25966 83456 64109 18313 42784 
56097 63201 38667 27031 17823 
63504 74645 21718 39289 67305 
88662 35176 72585 51029 36614 
53815 45260 92609 52130 97177 
10066 17162 70729 21513 57170 
88385 58790 49987 17432 33781 
50164 81016 22822 34211 61613 
43298 30583 93716 10593 97973 
75225 49601 31483 86965 79726 
28828 93893 72681 82686 35013 
22592 24812 95228 88264 42365 
14027 75898 78453 94899 12863 
45417 24584 29248 99723 28035 
20014 30850 81158 54746 91574 
51347 28390 97340 18610 35055 
45935 67982 11064 35706 84564 
37512 44125 44043 74366 98380 
86666 13440 93313 85530 79348 
33591 46705 19659 41501 67368 
36350 46469 50702 45272 82585 
62507 97463 11746 98608 93488 
53561 77493 59101 36690 93749 
40312 37152 72777 78450 54055 
65720 81125 48239 57238 96352 
25842 64482 69954 14612 82984 
59858 40585 62665 67374 95293 
28156 98195 81562 96264 13766 
78763 68421 58070 78157 40933 
60006 74784 90737 95883 89740 
64091 13246 53160 89170 91448 
71222 35855 92684 41206 52773 
85710 61295 70223 41186 97397 
79466 20006 90675 39986 53280 
18039 33403 15062 75068 70094 
87927 94224 67471 87781 85750 
98058 95250 41085 85884 33279 
93985 36019 12284 81016 71011 
87580 46424 23422 33711 96383 
85565 52892 17611 74908 43836 
15135 70367 39216 47086 68252 
23546 55335 33664 84930 53023 
67626 16783 60133 96839 59344 
86675 19648 86711 20546 20769 
91201 25340 90669 12125 88194 
76203 80305 28589 24893 96553 
22643 84810 83198 72578 14908 
75494 18669 29924 70839 86280 
71945 37147 98501 93282 23224 
20171 74333 31367 17729 39816 
93824 16335 91864 80663 61709 
60285 74383 88156 80030 86682 
47702 91116 18755 62327 46794 
48892 53590 85828 90086 43064 
60474 31329 70492 57945 36571 
97920 23224 12732 80492 16790 
98603 14105 38163 59667 98934 
75473 89699 80991 73190 38633 
37200 81797 14805 92356 20364 
54874 72686 37305 67154 51369 
98516 27433 67527 67088 70992 
63441 87488 32149 87712 91232 
50114 25349 60141 65316 39522 
33729 27492 53766 44825 57037 
