11002 94992 17497 25523 30577 
65474 40471 75958 86353 84873 
91413 61861 62986 96465 14599 
28609 46949 28931 66294 95132 
59080 12918 70356 49666 51936 
19357 24049 10955 78074 23920 
60312 61068 14107 48034 78287 
46138 44650 64546 59733 11454 
85980 22570 43041 60076 69650 
82349 70403 99954 67720 32510 
62495 48377 41887 65374 60129 
98841 16734 44884 12229 25270 
56175 27387 73942 89209 36716 
53628 18581 91624 59346 34312 
17851 58226 48758 58935 24726 
12327 71441 84959 69382 59219 
59387 99540 39813 23322 37027 
58173 96741 27332 52476 56538 
60956 47264 19358 28427 95206 
79271 20623 59504 80630 32638 
54753 98254 47777 63357 67240 
72718 45754 15684 25404 17411 
11711 41946 69194 84996 23538 
41816 27997 65069 47154 35534 
16077 39557 99513 16068 82515 
53604 16011 25103 99819 81491 
31273 58090 39349 60299 32608 
29770 56667 74600 39463 31834 
93882 50584 63592 23763 88425 
58229 60816 94842 65801 11404 
59806 66300 29961 15569 54129 
40514 18026 25228 42618 58026 
82213 63720 80732 19760 17748 
15037 90919 66231 80602 85464 
19452 55180 93924 51291 20712 
41045 17856 37152 38850 23046 
54810 56430 73680 78419 27274 
31845 99684 87606 82738 20535 
25241 14691 57875 55128 34024 
63836 62486 92961 16759 17679 
94855 57819 25766 33408 22225 
38853 53996 82787 58333 26595 
59874 46340 16221 42395 21241 
74639 24835 43212 11712 59462 
27062 49473 12634 53840 93015 
28039 27939 73263 77888 33927 
89167 18373 15658 66615 14899 
68558 49337 15533 59135 43539 
78398 89471 41508 63794 16453 
65356 37134 79325 52365 37911 
37833 98277 41041 17380 85965 
96621 64396 34146 12964 61920 
11213 38125 31252 60911 26525 
15628 99537 91231 25876 97321 
88688 57842 97650 61795 49867 
40269 81423 32632 69537 93514 
77994 64727 40058 24720 13104 
30374 78870 29703 22220 48529 
88376 39032 42648 49875 32510 
66031 26687 38024 54504 37345 
65281 12709 52097 43134 18244 
13520 89908 72316 69593 94092 
86709 33713 57036 90801 86395 
71256 26114 96777 24669 75597 
48421 49086 37316 70266 85623 
45270 16414 92657 28440 57185 
58207 19510 45632 72968 61393 
10911 84102 80785 56435 25904 
66677 30505 96842 78864 90132 
20552 19671 63414 98960 34868 
13353 15488 16085 28743 61300 
77815 74922 66337 86779 28869 
88936 58444 14895 82875 63754 
68042 96724 16654 21911 46522 
13583 98502 65975 43378 61282 
19306 12461 34970 35817 18684 
81028 68155 19988 52985 16499 
70302 22250 32037 78356 61025 
67291 65214 92022 99664 67318 
70776 70306 78354 11078 21747 
64825 22750 52063 25263 20824 
42009 50845 39700 36688 74733 
72123 19770 70867 65923 23184 
76038 91189 18308 70474 21051 
21466 92904 81165 45655 55234 
45722 17907 18705 15980 21881 
86496 70767 18328 73959 12222 
57097 44790 25461 87495 93420 
86411 70590 21019 31029 18971 
62523 68679 16457 18397 40153 
59794 31052 48053 63050 72547 
30983 13961 18614 21813 44765 
83656 66326 79099 95714 55072 
44138 14318 29938 51087 37720 
10452 55782 20863 25302 63555 
73484 74565 36896 56268 91253 
85605 67673 95203 93756 29838 
48175 81982 48784 28740 43064 
26906 31277 60550 16111 93224 
56314 56225 96651 20931 52372 
