18538 96898 19742 34997 29117 
87619 31996 19696 99507 56270 
83687 45652 32218 27275 68628 
71127 27610 38126 96001 46919 
38533 34218 57781 78724 12742 
50930 77565 29974 61885 89867 
45097 34150 18296 84727 20277 
17211 88158 60368 22715 46362 
97480 21626 84176 16964 15221 
28985 50361 89843 97833 10264 
68920 50187 54929 40230 77889 
96459 95187 45075 66278 67263 
90435 36007 52377 90776 97298 
96268 31881 11502 68973 26893 
62584 54730 68568 33615 21777 
86022 31665 34361 19603 70109 
18091 92159 89593 22999 69026 
21157 46675 41950 80044 29598 
72873 37154 21554 55411 32335 
34869 53652 73711 45973 50975 
75505 80332 71151 21410 74955 
53063 83552 56516 73294 49854 
42472 90922 24505 71022 16273 
79762 17026 43428 91496 86681 
91996 74406 93732 85597 23909 
92979 15529 27811 42281 57989 
49029 67052 80374 94387 44255 
37208 85141 19220 84714 32363 
56505 54888 74684 82636 97824 
76342 42792 44469 24893 23843 
40697 54116 31238 35311 68553 
26601 37998 45052 29806 27934 
89415 74214 99480 62681 14776 
71474 75997 52670 58442 95738 
98324 64463 89597 74114 44781 
34526 72588 61538 56516 93047 
53305 26751 96009 14624 65593 
85732 66652 32683 48611 19103 
15317 35203 65530 72576 48154 
88263 14974 63624 38084 53399 
57495 78465 58344 58069 70865 
62485 24950 60310 48603 94674 
84280 79450 52380 25265 92485 
27146 44470 34916 41270 83909 
25528 29377 54358 69702 74962 
23767 33170 83893 91613 73773 
90289 89037 56511 23404 29852 
84719 40421 46085 13613 32042 
40964 50098 89041 58313 64957 
72437 43454 84702 23316 54943 
51159 35153 94178 33998 99901 
27964 85994 26243 36706 91572 
72785 12060 88089 18047 41554 
47211 66380 66527 31310 81097 
23208 36999 25858 74672 86568 
32867 32558 69696 57278 86350 
98859 43121 56179 41346 71983 
41130 17295 49668 15293 75716 
83050 94325 57040 15010 70674 
20541 21543 77416 78642 43888 
69007 48511 41485 98718 90061 
96623 75567 33440 56814 22294 
41014 24797 74197 95231 71166 
26393 55377 57940 55343 43336 
87441 32295 11122 23367 29468 
38323 59753 37762 34451 48962 
12808 85081 66511 56152 82764 
37683 86885 97763 20350 39890 
46318 24987 16036 70032 38082 
67717 37253 94422 47971 31473 
27290 89361 52297 46276 76993 
82989 42318 99653 30075 30024 
58131 76915 92054 99356 17847 
92766 29856 73077 84475 40370 
31497 64179 96930 56982 73488 
16046 85467 12890 81356 11843 
14807 44920 71627 84650 38736 
27295 87123 99215 46009 89348 
14928 56792 26120 41239 91727 
65247 32931 53109 64715 40416 
58517 67760 98070 38595 71785 
42779 95100 17221 71649 79328 
89757 23382 67468 95571 32320 
87253 62343 75261 44560 25337 
77655 46600 89082 31510 85689 
92228 95850 42219 69546 84203 
38910 44831 23807 26098 97963 
86905 94893 24359 55392 92438 
55256 64372 29670 98251 44031 
15605 17203 35387 94348 16516 
39868 70198 54695 73368 14812 
48099 56859 60533 64128 13038 
92820 21685 69698 30942 80924 
76086 86345 81194 54029 74370 
64459 57622 48212 43152 18420 
32465 47563 70057 56018 57889 
12291 62996 69795 42288 32503 
77030 41061 74765 79526 75674 
48026 65822 15951 48207 31629 
15525 50019 71568 62480 46103 
