30963 20211 44841 96060 89560 
42208 72469 51887 82209 94690 
61846 47590 26708 70170 82268 
21686 98428 90519 78600 88112 
38105 29037 92141 74044 43499 
26175 34647 14512 11491 35963 
79198 81031 72097 46472 95216 
82914 42152 33709 39595 86589 
99593 88214 34787 54146 48759 
70153 55808 45493 36963 41040 
37303 52164 11310 60297 85750 
41175 66266 87150 51825 91131 
21534 43690 64859 99758 74134 
25189 76494 19263 85644 32114 
98877 81754 49646 82084 14338 
26408 57428 13751 91292 74788 
52395 13735 11127 55647 38256 
19921 34422 19241 28148 92763 
60114 29975 57448 50336 53788 
76513 46217 22886 64529 98635 
25791 29756 16696 61144 78614 
31705 35319 16930 32441 80726 
82207 69194 56292 51901 47188 
29612 63035 35964 36402 89928 
59624 98953 47997 58936 26095 
48886 43684 45666 51351 40158 
37566 72133 97521 95783 96506 
45248 93513 68241 61826 86315 
12466 81153 49532 16650 93579 
43887 36595 70307 40832 14141 
98030 67138 24727 62933 96521 
76557 12318 25079 23656 27527 
96138 27215 20623 94887 98631 
91386 28694 92032 20311 98547 
15311 25428 24545 58979 70726 
33987 67087 50168 20205 11852 
18804 73057 26420 73265 81163 
50126 96101 23107 97077 25743 
51874 89077 72061 97276 96540 
47028 31862 15785 86974 40091 
29453 48221 72452 73258 10983 
27058 48113 71417 18184 97769 
39955 59883 59027 54682 25791 
18648 23080 63918 13490 63310 
54053 16622 89969 84345 35673 
86752 87171 78068 32850 84659 
93899 23315 83945 19231 65983 
24021 80490 99256 42011 81226 
10146 32945 87703 10324 45087 
20851 88164 43390 72981 81992 
63651 34582 10348 13091 27829 
48250 68259 22415 38389 77844 
10176 97872 71258 34029 88203 
34485 54992 25870 10484 14337 
31496 89336 14851 27297 51434 
38730 66632 17845 80955 59833 
78787 71857 44838 73699 10093 
23761 14319 47654 69909 32624 
72845 48555 21110 47950 54472 
69725 55852 40328 91546 89003 
77811 42975 96402 96463 35104 
99089 75483 90357 11532 97987 
58482 88701 58465 54481 58125 
26916 88760 30247 38394 26197 
80121 72037 13334 15287 98026 
68067 62935 29569 71703 48115 
50459 40795 60024 14622 52167 
28069 41788 85086 46162 50355 
15891 21893 48612 10096 78768 
78052 81493 43492 16770 93023 
91687 89829 66748 40907 64654 
99998 72914 67809 40402 41791 
60095 67390 90669 90253 63308 
27827 16428 63743 85493 51837 
32081 70048 77487 72601 78194 
64462 86142 41382 97959 64454 
30875 10352 62638 38589 72324 
34442 16035 54682 75125 31128 
81510 61442 85988 44548 97168 
30090 35962 78081 52430 59134 
19711 74775 12669 39283 54709 
45958 41046 81013 79482 42194 
55179 16070 41183 64988 59267 
92201 99039 79728 39718 44986 
15507 99308 63123 36696 53190 
69551 29973 48551 76565 63329 
64757 91882 72765 98046 50058 
18164 67236 91582 11226 83772 
63790 68805 68534 46653 54383 
49455 21113 53834 30722 46538 
85985 25271 45065 72237 19399 
84395 80708 41562 47917 73327 
66221 14458 88995 87548 80968 
26938 69828 76683 54548 64642 
59579 16593 39310 43380 49264 
80445 86476 60686 61367 18066 
11505 39338 50074 73486 10373 
68523 96889 57612 79175 61335 
18521 29798 90381 93735 70246 
65040 31167 88049 53509 11148 
