13506 49786 78379 80841 75833 
41317 74614 45423 35296 40248 
70387 51147 97179 44065 68942 
22721 43272 15698 90184 85885 
75442 24276 46935 24160 27596 
92235 56379 70671 56819 63057 
68877 43843 80098 11697 85558 
38589 39994 28998 26088 91975 
69832 37523 73730 13307 84718 
71294 85988 15368 99609 68073 
91126 23759 75892 15586 61449 
93690 90057 51384 84644 87831 
46408 95315 66409 89580 72450 
13020 21555 84451 42393 61773 
47009 83556 49994 18275 78030 
58163 28588 19132 39297 57239 
20894 52951 46027 88075 41123 
22385 43464 76729 18940 77719 
29058 42627 94783 29109 58384 
38326 67003 48474 70611 20279 
53180 35354 29759 62304 50634 
67488 24974 30997 17825 19443 
35708 76183 14708 36157 60835 
82985 18521 27951 48539 74882 
19997 74824 33343 88128 85052 
40801 33528 47166 38509 84443 
59174 37937 74414 14181 37772 
22862 18148 63994 40679 13741 
81646 78207 45976 75745 40604 
64006 68146 61022 66998 55757 
62965 98226 86596 55477 37328 
41998 37337 11874 72591 40353 
58101 65610 34967 32705 98072 
76794 33940 81465 83739 32443 
30392 30674 23264 73238 36911 
29675 70651 66764 11037 50651 
87590 74151 76496 75364 79578 
64194 46470 42586 73317 44725 
19122 34763 89192 68867 63859 
12159 67829 81093 94787 50155 
79206 46550 39708 98804 48759 
69594 36471 75593 29977 34527 
16634 10200 11777 84725 28196 
91306 83198 86502 42952 89887 
39536 93779 46244 46296 42002 
35034 49672 20534 64929 56806 
14021 93265 82628 62026 97885 
53657 29183 97491 78767 53525 
98700 48205 59181 24115 24704 
39126 50549 10830 48973 31261 
48015 52720 13219 21410 81782 
91546 51052 94343 71962 84469 
67643 23572 12617 99767 57895 
70373 24841 74188 36106 11472 
49287 81131 72512 99510 28700 
49569 35884 12672 26509 46096 
29732 86320 86151 40879 38373 
14191 72106 29925 89764 32672 
43818 29569 37337 78192 89899 
69458 63195 89506 44423 69591 
59708 54036 63196 86451 58195 
57718 32749 92440 65633 24876 
54270 83221 40073 33032 75037 
54579 92195 72352 26371 38017 
38971 74397 32652 96875 93929 
95014 97697 90414 19016 97969 
82797 64883 24193 33553 28550 
25705 47704 57651 92497 42164 
97865 26731 69386 80142 17733 
30301 12708 25992 96294 10667 
68940 57549 14734 47392 90839 
56432 63047 23816 35602 27527 
40807 37954 47218 96219 14749 
87326 53728 98935 83360 31403 
17962 81598 51039 58984 61841 
91935 63668 47103 35658 44905 
26390 33678 39138 77415 23554 
88517 98047 61248 64793 34995 
68267 73828 73115 99331 67149 
86324 72960 30004 24327 34486 
98598 27677 40028 18385 68363 
57705 26582 17219 19438 81552 
99188 57035 22502 97361 11446 
79241 59910 64756 52502 20259 
77631 32226 75651 66838 50563 
27848 78884 88626 97156 44988 
29255 52401 34351 53256 35694 
23497 86262 59924 62879 45406 
34243 52480 63223 48423 85565 
31257 63791 32792 38601 74503 
90200 16769 71050 31887 85342 
50591 97128 95236 80099 56085 
11143 90155 79796 79722 30540 
62994 74002 48704 35451 72406 
49404 17868 93393 16205 96480 
10834 68057 29485 17115 87963 
46476 42030 59708 91008 93680 
53781 51621 61982 99722 77382 
67198 18103 98881 61189 44405 
80230 27155 98536 19062 81537 
37766 47604 75236 80207 76179 
93689 24934 32704 27766 41743 
32189 32608 45612 42780 93141 
50803 90583 47415 22894 34990 
70303 96330 58593 46919 96298 
23863 77604 78310 86506 14683 
96071 88065 16946 42481 95713 
73470 19581 53023 74302 41185 
52202 22531 47415 40768 92499 
28586 57295 33265 42272 66128 
95141 59612 51329 98816 51522 
90669 27677 39640 39656 48340 
81054 95432 43016 63513 88902 
93127 42806 94358 89293 92320 
13769 43078 69155 45692 73619 
53877 92563 57395 79619 31319 
10371 61814 52725 57136 87213 
73231 22004 82993 15595 81036 
60169 62945 66943 66038 10964 
82176 60874 44655 77968 33376 
24183 40527 43680 66278 34524 
83750 66226 31342 55231 89148 
55564 82316 28241 35736 94612 
57000 12294 87289 22437 82881 
61448 26809 32919 11566 77857 
76364 25503 25623 71733 27621 
45918 99823 86216 92204 23438 
52776 87646 46917 33541 12633 
19693 44949 87360 14353 61951 
82058 50086 68929 83866 60135 
42396 13381 96970 85494 38978 
87240 90115 84445 32640 88174 
93098 95910 82122 32592 48951 
74967 28141 80325 74416 31469 
97287 94952 29502 89167 75473 
71979 40786 53485 60203 97072 
96315 54808 16146 39728 60351 
36457 32519 48384 37469 70029 
85949 38649 77477 18488 26734 
25144 60687 72353 20309 89974 
17795 25737 21549 57293 69201 
68320 51072 18316 48338 77073 
97735 48189 94042 80312 63373 
70826 50791 18339 99686 83782 
44110 69181 74137 38813 45166 
89412 32359 80164 80552 75008 
84768 26870 97868 31168 31344 
21203 27971 63270 82549 98094 
19599 18488 75967 53436 22657 
61153 81636 23866 24473 49279 
80562 57455 42342 23157 93053 
55911 92923 11396 13847 50297 
12586 28336 72974 66324 53514 
96033 69125 98433 84622 70849 
59695 10537 91611 94437 77415 
90978 87527 59827 74773 34398 
54222 84452 48804 32901 50213 
10992 76158 82530 41130 14099 
73281 50399 44301 23347 36779 
90058 59949 64524 38643 79788 
90886 70879 15304 71930 20539 
61090 84886 18733 14595 38786 
63025 99803 75292 46524 69239 
18461 30501 38308 30543 21013 
60594 79270 18694 81037 72727 
23827 86574 39205 52784 14326 
80995 28933 36576 35679 54378 
98488 22228 49439 91558 82721 
25153 64402 26688 15124 64977 
57322 91125 44757 99859 43294 
21641 66256 42188 17344 40269 
34962 11003 30127 27871 34169 
74915 53419 84798 70688 59381 
34469 73341 96394 82717 74719 
25254 28225 69992 42757 21186 
61618 47801 15278 21420 84344 
61920 68618 24852 62684 83383 
99910 64545 75434 75517 93839 
29878 47058 82423 85462 89437 
23975 55559 45175 69474 54034 
74653 66935 26173 31518 49420 
18109 52100 93274 32089 29308 
71905 65257 55910 17853 56729 
66845 81865 66659 28952 97804 
80516 67731 50026 23497 51405 
47955 37880 61550 60756 46285 
20916 50330 75348 38479 80013 
76678 71904 46309 99056 17839 
41059 19478 11391 18505 45645 
36438 60296 52849 76904 55217 
47744 17079 89055 93783 39478 
29126 81198 42709 75099 95928 
72364 70354 56157 91174 57818 
11213 43387 41427 92207 73700 
40724 52721 43806 49528 30176 
75543 94216 59746 37823 91585 
81330 42061 81225 45088 72308 
62902 75674 20768 54408 95190 
45077 76859 57295 83514 72352 
83852 66955 43737 77061 79693 
11040 80948 23590 26156 76870 
59286 96911 58250 50749 74472 
36495 73559 61581 33256 28902 
14859 97795 86787 77047 42468 
87819 18768 95541 67293 23779 
38325 41988 31575 92056 66209 
57511 29814 21540 52585 97308 
76809 70955 73923 73378 57899 
42997 34830 56465 85108 72922 
90349 68513 24745 81067 82370 
34299 44168 91737 49836 66399 
41049 30506 52537 20274 97706 
80177 10580 21135 47475 21165 
69065 93997 38433 87260 11643 
85970 41441 57509 95108 95190 
56704 86730 38292 57909 78338 
77883 28178 61636 85216 81088 
42175 76211 19831 73217 16546 
72329 73301 70316 87834 80889 
75137 86765 43205 71954 98050 
99421 50434 54006 34359 20993 
59528 55970 24074 64446 43998 
39789 67832 46757 30987 91586 
55875 87123 36057 40037 99238 
75617 91972 54594 74010 86611 
41201 95767 30964 21746 52701 
40329 78817 45112 74375 97610 
80465 10484 94362 94951 80138 
72892 30885 39485 69672 82221 
17695 71926 31989 28641 46549 
12248 13419 31215 84807 77595 
78714 23035 34842 37624 41914 
48295 32327 63344 52353 67917 
58139 57472 27029 17119 16412 
41418 39157 27190 43501 81599 
41047 26892 66081 19024 20177 
96897 54438 72695 43006 26895 
58576 49918 89393 23711 28465 
87305 62693 74076 15356 36989 
25041 36099 72128 83716 78721 
21114 44302 15350 46384 18443 
21014 83793 59268 40363 45193 
15296 69247 82164 17729 76453 
88013 68208 52430 96118 34672 
27584 42712 59722 70481 47816 
63895 86669 12186 30485 55235 
45798 10936 30624 58096 69451 
33274 47686 35317 90159 65417 
18594 46887 52069 59074 60303 
16740 39579 74357 19991 14304 
28864 32232 29126 73316 74839 
74827 85604 34155 47971 80000 
73256 89905 60887 71190 55095 
78488 14827 69543 85250 38153 
69950 22783 53061 52137 56148 
29401 19169 87225 23952 14631 
20084 60397 84629 83956 63446 
62797 83348 29893 99663 83611 
64470 15820 62574 28992 45374 
73559 17720 64722 61603 37416 
99891 74840 91650 84664 91343 
77833 49780 25480 59237 59025 
24572 98235 96308 25456 87723 
54148 10075 33973 97942 18106 
83536 59403 86193 99074 68349 
75829 66697 66631 97249 53049 
58687 22012 72511 34511 49907 
54359 50557 56472 53341 76473 
42986 26794 23961 81457 81504 
28772 82715 20895 62353 65699 
82618 50337 83731 60694 60398 
12178 86515 24591 47595 87337 
42794 80730 96281 19266 56463 
35853 25751 15239 60651 97596 
92619 48696 60426 98624 63893 
44728 17735 13262 54596 56488 
83668 75593 85863 29863 39692 
28353 63091 32347 55547 95652 
18808 92969 35520 26727 34296 
14334 82938 44404 59185 42552 
57543 18177 63103 19140 69345 
33786 42323 60544 12228 74855 
80842 24586 17858 25309 44595 
16011 35817 53155 74456 72100 
36103 48068 24078 76422 38320 
36624 45303 72446 51479 90424 
66170 83821 63107 53894 91187 
34892 24359 42040 81737 89855 
58265 42956 75352 37175 32520 
78320 66399 39741 32308 70664 
41469 71713 68270 96228 93176 
44405 33746 81480 14054 85377 
57437 92665 57819 59527 30189 
39085 13097 37418 87091 89610 
94493 39790 71339 69473 82530 
53655 31520 22620 16064 43161 
58815 41724 98870 20113 99634 
27777 80654 61565 11936 33970 
20139 54111 56310 44927 99702 
62757 19582 74244 71748 37090 
94127 61897 69350 18944 37143 
54846 27608 73363 21816 63698 
56367 34222 16571 19689 17110 
90269 49109 30668 12719 78955 
18434 37814 13316 21345 83433 
15695 76715 86658 63620 49216 
25179 59048 26374 19732 97209 
38002 55416 57043 74998 28215 
19064 10083 87881 83950 55014 
82279 42084 86086 86276 32360 
92467 39293 28743 95702 55318 
96797 80015 17169 32125 10642 
49654 26999 73789 70744 81424 
68838 68637 78719 70177 93064 
57987 44461 98239 58216 69019 
94857 28159 74467 87850 47239 
23173 34916 29471 43476 81969 
52193 23264 94890 19917 55221 
47251 83206 68540 24904 39550 
32275 14215 68679 69073 24150 
40780 10571 84574 13499 21044 
49862 30471 33764 25585 55774 
22904 78116 47771 95858 40625 
28153 59420 79055 48956 57583 
54514 56417 63516 52529 42225 
48842 85146 15129 49657 79997 
66174 52230 37654 56685 13339 
99083 35200 28072 93752 80510 
64764 82820 23226 86606 79632 
40023 91062 59897 81069 56755 
73552 34948 16946 39677 91832 
20403 31850 41668 35468 29291 
95030 97604 16164 50318 66364 
50911 25993 92291 16174 57029 
85332 71026 59676 91818 49281 
59194 63557 82799 24067 40679 
43490 89689 33345 24967 47603 
17325 68176 68466 54457 68947 
56309 62855 84618 73306 50714 
12572 13808 45340 20827 66115 
27925 74058 99704 68054 29290 
80064 65227 50397 24097 44207 
57583 27744 14267 11535 76993 
19419 21308 63324 10640 61141 
89094 17562 27273 24585 78264 
52525 99125 99977 42618 38918 
93515 10663 30582 33774 12740 
80349 53031 66211 91086 62634 
11932 11961 21313 24727 52443 
18958 55743 21800 55892 98358 
58881 75189 81391 91663 39646 
35187 87941 69540 56669 26416 
83566 27096 97864 47626 21688 
93944 11081 14801 57664 53135 
48213 26484 65109 51466 14843 
70250 26785 25593 35579 94281 
93971 85244 18317 31238 20693 
51826 31259 33419 80126 67592 
31952 52545 72785 96706 71673 
76257 20339 65002 28816 25568 
38860 46224 67686 97123 41179 
71276 14751 37009 70822 76585 
30743 97245 29088 23033 54973 
72401 32444 21963 79580 34762 
96047 18742 79396 61203 49753 
43628 94493 54469 20021 97630 
24840 29630 17600 52924 21191 
14612 51867 23770 53898 86343 
45260 32170 88169 50818 37461 
87008 73389 28218 67101 50009 
14475 36800 38626 35649 36313 
26396 17507 32949 67983 34587 
71471 52320 22914 67764 65515 
24722 59561 54352 76665 11168 
87369 72567 67354 27506 56907 
23544 55852 76332 62885 97840 
16472 20274 35956 86278 21588 
61388 27985 68265 17333 13764 
32459 26671 23437 83325 71569 
41926 76362 61696 57865 22207 
25459 39002 13610 12924 95170 
65338 28600 77788 28863 29005 
68046 98204 86164 70657 50488 
13017 22863 50671 74652 29699 
87568 96711 27433 77540 28962 
87905 85506 78468 27820 44105 
48598 99472 16076 33895 24989 
21372 47881 67855 90353 41824 
32458 59700 33552 85551 86674 
57673 25982 93474 24961 21408 
58924 67743 22743 41688 46945 
30767 79893 89380 56400 10180 
91570 23261 42800 55121 78703 
34387 14101 15420 31750 82709 
86479 79743 97582 98743 48799 
68643 12846 69602 84617 81013 
22667 25152 98097 33291 42239 
25067 14657 25184 64870 86673 
46282 94840 83264 76350 91401 
35409 98864 98767 15490 47243 
33368 59652 92053 65098 29453 
18328 32964 88647 55171 67675 
33820 83278 22665 30385 29861 
37817 14689 28683 22296 21758 
56088 87831 37019 21861 58506 
19960 14491 76381 37677 50631 
52507 65581 52396 28311 35447 
63501 22848 10050 50602 19530 
22312 71978 70761 89643 40038 
65607 85585 76470 96397 43530 
94168 98372 27204 72735 10139 
90540 78834 10741 77709 21438 
83831 26765 16704 80308 55942 
56435 33981 63095 62387 38543 
30098 46426 57841 79565 94965 
97899 16621 97514 97805 87555 
18874 53855 74140 19194 94624 
67890 26696 18544 46624 85403 
82150 99578 88511 82434 87705 
18009 61683 83574 49465 49446 
23352 21790 57394 29846 42617 
77586 57249 86823 34292 31781 
44463 34294 26114 30160 48661 
56738 81727 59118 30528 64200 
75945 15854 47771 86060 60605 
32259 10654 61471 50618 28902 
72030 62865 38329 21258 33632 
83185 10792 52289 99363 35435 
26465 76473 34126 46784 73201 
62571 13274 69780 81137 19302 
34820 84383 32244 79811 35687 
92829 53853 18184 60201 98849 
70833 96622 34918 98747 70690 
90211 82614 20125 57646 74374 
78867 30506 76734 14144 63685 
84405 73203 83196 11857 59842 
33286 97168 28986 36808 95018 
31752 32743 35802 81523 50342 
90856 70301 38436 30095 22450 
45898 19912 76217 87133 10419 
82761 71974 31015 43580 42093 
36880 37067 65369 44350 30272 
13393 82461 47206 95803 23140 
67728 18027 68618 95627 24883 
18891 98386 27362 38909 36400 
13591 85311 74922 72134 21662 
32171 48534 25661 18397 41488 
19260 29827 62616 85591 27228 
23719 59408 27001 93146 23976 
49589 93653 38728 99512 82898 
31586 75402 82316 20467 21543 
40059 39346 15073 36108 26391 
57888 78916 87802 39807 18058 
91441 31658 24657 11286 90795 
62561 66773 60692 42387 97751 
29343 64235 56849 50786 72836 
52285 29475 12556 11880 75023 
26009 94587 11625 33271 12513 
88649 78918 60556 33097 96468 
22808 94393 83584 60410 98980 
20532 74582 51334 57504 44559 
44488 20064 14318 59256 50089 
87549 29250 29237 40115 60148 
91621 55882 58256 87037 97563 
78752 75144 42814 55117 89038 
44486 30151 84984 23448 97406 
91243 68846 17268 91999 98634 
87828 78607 24867 48018 54619 
22574 49728 33138 52790 52447 
26984 39619 77230 85565 24078 
32790 41678 12040 99468 43307 
56713 37420 20171 61881 75948 
83402 13635 47779 91173 30570 
72268 38382 78497 34614 12551 
80785 59597 22423 21096 15861 
51002 31975 51690 59266 71143 
24397 80049 17382 28872 41879 
92747 46335 95127 18074 36919 
65472 88725 12141 41190 77865 
34217 38969 15618 87921 55954 
34367 71150 48454 52081 18433 
96012 20578 34558 45998 48409 
32472 70125 14721 88939 35523 
77709 51345 86096 22010 19661 
95863 29272 61694 93669 58561 
32562 20837 21300 47500 70973 
32831 32408 38506 85272 16620 
34841 54075 39532 28013 36556 
61604 84679 61135 57943 32415 
43210 88982 90126 61316 92719 
24090 44732 56973 52581 53943 
48640 25658 79936 59067 29515 
67561 68095 79224 71477 11787 
15900 41833 22054 46670 86625 
96899 36423 39100 26370 94025 
88932 88036 61308 96807 73696 
42962 14128 35610 65832 45509 
32220 24786 16037 12914 43783 
49038 44796 39725 27978 68433 
97137 16287 11118 56414 44272 
17236 64691 75802 74748 42376 
68448 24009 78425 52706 24072 
65058 86268 30662 98720 95582 
53240 35346 23092 32987 83258 
50101 63616 36200 14263 54555 
97641 30387 85052 21451 98015 
62319 74913 65889 84803 23112 
67458 35306 71622 61085 84286 
17012 31304 91684 57065 64221 
99541 52701 91872 87256 96807 
54562 89682 10944 24122 95894 
83628 50344 98583 18116 10910 
23486 74963 80218 47679 37824 
45091 43319 86023 88042 52446 
83333 28102 68653 54149 42616 
95007 45227 41679 13712 35180 
98334 46319 69830 87618 27933 
54919 90527 49363 90087 21925 
49606 88841 28675 45888 24778 
77072 57548 97365 10658 26718 
29009 37853 27898 27936 78743 
48698 53389 59826 36559 36377 
46466 32673 17491 68508 97999 
96260 18797 86061 79895 91393 
48468 47484 89274 26650 77271 
52345 95634 31409 79222 49127 
32655 87003 48382 92922 85749 
79208 13189 36361 52322 62596 
34812 72224 42690 72614 55366 
73287 69858 34514 39248 12897 
70959 27079 16003 13141 42597 
64699 51238 78114 58288 34927 
88277 46986 29175 68748 37609 
90175 35693 83710 23068 40179 
17186 50342 70539 58225 13620 
73638 82495 18013 92011 47318 
76702 19578 29665 67028 33625 
36785 53540 12315 20474 29803 
15986 28097 58584 85153 80171 
22021 75859 83645 60954 34567 
71138 84053 71109 21659 89504 
16324 34630 29047 37003 51030 
80520 87226 26520 76495 52808 
30792 91154 15249 18303 52972 
63817 48961 84849 63378 44665 
73739 35958 44714 39097 29408 
16537 29161 18123 57290 68625 
96219 67891 33930 16874 43665 
99150 98571 63219 73744 67565 
61443 66921 58887 45996 73702 
24810 42479 85078 67206 38058 
12045 11428 58391 62637 54583 
15274 20656 60167 15357 77305 
98721 38463 59654 16868 43353 
74675 87602 75688 64001 65986 
45508 31922 33111 48603 70170 
61150 78771 73701 94716 52337 
90797 36788 53145 85900 11657 
39744 15959 10011 19643 51042 
54082 18818 12717 96377 37935 
96460 77326 41675 21289 39348 
40586 36846 12971 48763 61439 
71702 96282 77097 65905 67200 
71693 50114 68253 46788 76141 
67621 74505 31454 43068 11724 
17559 50419 54356 37361 33664 
60642 61221 57483 36721 95622 
24412 87768 41005 16115 40683 
83013 45303 16555 99616 48513 
72976 66016 77062 81320 84085 
30569 64099 88374 74842 21297 
87188 92319 63157 68564 58803 
52795 70519 56362 73055 68810 
64383 30686 17001 44866 64672 
42051 78462 10588 58201 10808 
57717 26690 61776 63672 61809 
53346 74948 35991 52701 53653 
81539 10021 76799 22948 18458 
31519 33719 12716 99203 28575 
35335 43137 90909 78453 94237 
35402 39067 28875 37609 67649 
80001 84208 16662 75587 90268 
43870 72302 21383 36265 98204 
98295 53365 30970 14021 31719 
71294 74245 98848 55894 65444 
76201 71161 51543 88103 83628 
30167 26677 12595 41632 30627 
12638 52902 74902 27148 77498 
27967 65592 37361 71267 70424 
57011 84058 70559 74597 18745 
77119 62346 89484 49631 20745 
58468 63953 19649 27710 67567 
51512 66625 19179 92179 66299 
99641 29482 14183 15428 71564 
34844 41177 84412 62301 12790 
18635 92525 48059 50689 15261 
26664 77656 96534 63122 90933 
48927 35546 61120 10093 50011 
44464 66194 77564 61355 77736 
60415 49375 30667 48423 18544 
21851 16762 67107 25929 88588 
65898 48619 10122 66964 98089 
60978 50760 98394 68025 82496 
99427 32568 94721 73584 29710 
63453 98813 51174 35740 33876 
81091 85484 62922 59386 26653 
70525 60090 17334 23173 72777 
41211 98142 34423 30646 50291 
84919 71326 72937 20176 92425 
14363 53417 54645 58650 43575 
41322 17641 40698 34340 63518 
48048 10484 63734 68300 79754 
93645 84924 96271 12742 17705 
33923 99195 81522 99722 85754 
28242 74822 78974 15699 32089 
60253 83436 66304 14206 59952 
35068 23761 90525 23460 20494 
72619 22031 74396 71145 66963 
39580 24459 53145 73309 54063 
36624 23934 95664 42411 76785 
50397 73450 80008 71887 50578 
31062 76027 23894 18041 76567 
36186 70560 46919 57351 47829 
35299 40375 55171 19440 92592 
27228 91885 65607 59447 59559 
79058 54051 72741 71706 37620 
29621 81706 67267 29315 77522 
95702 66569 68722 58327 56594 
88824 23660 97128 72876 50384 
71545 97173 13752 20804 34595 
29662 80632 34497 98108 23528 
10863 48175 99268 68515 59032 
44406 87086 51589 85948 17939 
88108 34875 63674 64176 51784 
10898 62088 43393 70738 60008 
31584 91232 60530 12024 42911 
82725 62881 49362 88370 21638 
55190 62122 62639 90749 69356 
63334 63994 67740 62076 32003 
53431 39474 68674 45513 41914 
89692 36863 48186 96158 22003 
80231 92834 60398 61464 89572 
62569 36487 45398 90074 46872 
47711 55700 32385 52412 27359 
25599 25674 86332 55915 25120 
98851 23992 74882 79350 64929 
86640 77025 15031 50461 66213 
39200 13006 78709 33179 59396 
83277 44997 91249 92563 19126 
97784 46070 84462 10498 47741 
81994 91052 67385 90446 59346 
59489 50460 50453 38751 58007 
15662 31356 30930 36134 45431 
48394 68290 55908 12149 21624 
67184 54066 18254 68266 49293 
23083 24557 90306 23966 24410 
88494 33424 74489 63058 28629 
92561 67285 60974 88249 96011 
54979 50019 86582 44725 25913 
62720 91665 18517 87637 91880 
58831 25003 88870 33189 26975 
67731 37513 67349 67363 54739 
39842 68806 69093 12867 33938 
25345 89342 12613 16161 99875 
99919 58988 57970 49452 95178 
83383 54098 13260 31633 80882 
76721 16962 63476 65592 24260 
93803 73612 99656 95131 42019 
54097 17958 80878 50796 64611 
50261 49761 40879 84361 78664 
36575 33645 74271 71186 76789 
76539 41326 19476 87965 74153 
89177 46242 22748 23666 76406 
15574 30128 15811 30631 61906 
14152 81127 60656 91308 80933 
92299 27813 90069 86829 37535 
97062 26406 84769 19211 82335 
70659 35274 29440 84638 93968 
96422 39353 44233 87713 61105 
92769 50980 49022 82030 69211 
18542 74319 95439 33697 92866 
27220 90595 39617 34156 58954 
43854 71499 67890 30430 85321 
65043 69412 83350 90682 20856 
45164 11832 12177 46767 53903 
15721 77309 51396 43580 94920 
63614 71192 45963 12053 35533 
89439 40086 93585 66466 87910 
32385 43569 55012 18682 99292 
64695 41938 33434 37465 43093 
17529 14797 58939 92164 57364 
88805 79393 74850 83391 32425 
66506 49810 44158 52281 28601 
42958 82282 20331 39908 72181 
69301 77726 67314 28779 84194 
18106 25397 69714 73113 38266 
75926 88412 11086 99813 20497 
33083 12977 68853 65538 93875 
75814 37793 96456 95832 23533 
14622 19675 63688 12685 15638 
17991 47357 11341 35063 54176 
61132 45626 20752 79352 18019 
49937 29385 31438 97959 66080 
76045 31183 69106 84922 86636 
13215 87802 99055 55306 61418 
49616 37478 30731 31722 40784 
19953 57234 84935 70054 52138 
36030 79017 66775 94799 14923 
71284 67697 83026 33064 37040 
56182 48678 83147 76014 27654 
13723 19036 87887 42958 41680 
56484 27507 83531 82625 21213 
95748 93338 96956 87896 83464 
55541 94261 75607 28604 18725 
58739 63879 95436 61385 94668 
91294 71295 75960 41047 48898 
68032 81564 56549 10385 28877 
60014 75941 59384 67920 37247 
12573 86081 68353 32209 93404 
40047 43126 37958 29167 10266 
33948 18876 79930 80709 90044 
80347 99767 94454 79302 59701 
30689 12325 46819 41871 51592 
24665 34404 63336 79331 60812 
91226 38936 76153 29301 68764 
27194 82846 19159 97181 44231 
48350 98687 22193 34386 60297 
99102 76069 78968 56719 44763 
92716 87599 68308 96497 46078 
12742 37338 16653 65468 45229 
64661 63214 15064 32655 94702 
75272 68565 45200 63214 19365 
50375 60179 32449 89883 84095 
15607 13543 52363 12699 86118 
16850 61041 49065 40036 54238 
77323 45858 79438 98185 43753 
28079 44235 79742 46421 63312 
97379 72698 31403 97896 43010 
22732 34417 38891 57441 53572 
53703 17279 93786 49922 60081 
35594 89643 11369 55022 51251 
87315 18662 29544 17753 45339 
81732 74822 91925 76742 62495 
49796 52089 51392 54961 58796 
10466 84349 91723 62041 63664 
68406 21283 42192 28810 34001 
57829 46115 62041 65597 88584 
49938 50134 13716 18148 23755 
59205 60601 51918 94516 26819 
75016 28037 86778 62057 26585 
67009 28808 59837 77355 53499 
10233 58725 14274 70534 44477 
43457 15584 82249 57694 21348 
20054 20802 59284 49098 41302 
80545 90267 60154 76338 37791 
99256 56775 66639 79757 24879 
95117 42972 20944 94488 85685 
77610 61233 65979 26831 40533 
87029 48775 82133 48020 24223 
38409 60152 80030 52345 46253 
15307 27781 92493 59725 25466 
89837 73352 81320 31407 99204 
45056 59521 77407 38319 99684 
87185 47897 79568 39062 59847 
26345 45325 71630 88372 24067 
79723 49164 27188 64033 15918 
25387 58771 66757 85289 72437 
63075 17758 92134 16424 40059 
82052 61584 40301 86661 48965 
17851 36219 29685 20693 10504 
10158 10005 64525 82318 15604 
22951 87899 69804 16629 32851 
88443 49361 68465 29490 92234 
39562 37476 44182 46870 49237 
39404 35664 47011 42922 79563 
81182 63218 75589 94942 73564 
89602 67619 43373 46582 65780 
22407 30310 20014 92050 60193 
36914 26211 14892 65343 11434 
12900 37587 21870 28662 95199 
90838 60277 26615 99434 61914 
86046 46641 76363 45931 93294 
62503 44464 90078 20093 60641 
56221 93402 93532 95289 11932 
82654 18599 65138 60414 31070 
71569 52026 85853 13125 65106 
10634 85023 76123 17066 96626 
57822 75912 14013 23726 45747 
67444 26045 57651 99153 96521 
19233 56714 53797 65340 17640 
64655 59570 72510 84093 17957 
81489 56589 17296 68271 25521 
74803 77681 21545 81340 81935 
95669 41292 75119 39714 71594 
74570 14032 87140 87986 75875 
73080 46944 40137 85464 83384 
75897 67480 93985 36509 36482 
82307 45164 31778 16456 36233 
55798 29365 76382 29647 86264 
32140 19440 22907 85974 82240 
27609 50636 99517 72482 66065 
18271 36702 24654 74862 47536 
99635 79449 68152 53008 60126 
17823 68920 88435 96671 71248 
14911 73257 43139 47353 88426 
54173 26497 48100 30457 86285 
26590 67845 97253 16085 36192 
49684 64010 19853 87604 33201 
83528 40410 11006 35523 48397 
28688 98925 64361 66585 98352 
51801 98034 14917 47590 77380 
42929 50198 43621 69014 28314 
95732 20397 18164 30998 54125 
85153 51661 28757 90278 29631 
89319 31736 53290 93354 39171 
74953 31413 51775 51032 15891 
19160 12981 43794 68664 92278 
99689 45102 54336 43653 78706 
48425 65327 80779 72498 96598 
71724 54709 51107 57363 98493 
62428 98239 44895 59578 23716 
66211 81543 91349 62383 76114 
80466 78582 11125 89645 77866 
58196 22928 82107 52889 29496 
46616 31419 13099 36044 34992 
57325 66366 83522 77540 61123 
22772 86858 38295 29590 88736 
10097 26465 39333 62898 37335 
19555 10851 55954 19171 54327 
39111 12012 63452 67989 63191 
50884 31423 26701 83979 51944 
30790 80638 99260 27283 42938 
33206 14892 79900 50413 73431 
74886 73329 99945 47450 97583 
61464 42148 63503 66390 69271 
24462 98952 90030 64396 59884 
30200 39444 59256 11887 99881 
55871 87309 81655 92033 35775 
95578 53871 27460 11490 24276 
50505 19360 24945 23823 21529 
22646 39694 51523 92324 26664 
74519 58885 16675 26557 52114 
51041 64672 53905 47379 29805 
54427 25468 44796 56042 62140 
87633 90880 23931 53012 89578 
48665 85515 22711 40936 65721 
26889 80867 68233 46550 74692 
28398 67915 83009 80133 13290 
40412 54234 80060 78517 70365 
78596 71269 36807 55250 98643 
12955 15145 91305 67317 92159 
69953 10088 63174 25558 47869 
64799 43419 68566 41942 57012 
80084 31654 84132 55955 13745 
25722 82015 61626 56145 73888 
38649 88302 21944 78692 24293 
30120 29963 81989 97877 86570 
84848 72666 84865 86405 24786 
72314 30134 28597 28872 90551 
89855 96115 71242 83943 76656 
83754 33995 98669 62792 75369 
43451 88017 22777 54050 76991 
39144 73023 75478 40464 57522 
11588 74080 90920 23773 55051 
29777 72633 19034 83206 72337 
11531 98146 92370 37987 11378 
30381 28822 44060 83013 15147 
65068 53365 67149 63195 39724 
99618 98876 34135 50965 69971 
31990 60063 28541 98360 59056 
14948 34877 70259 43409 83423 
26269 58060 88873 15382 97298 
80726 85598 46017 92173 84613 
70289 68754 78616 78587 95128 
15889 12931 77125 36833 83712 
67155 73407 22079 93531 49213 
74526 82042 36761 56475 37690 
62400 36048 50385 52550 27834 
33416 13348 12306 59699 59280 
92374 12345 59741 39962 14856 
34687 30036 45698 46991 57518 
58247 80780 67091 10405 25600 
66316 65932 87836 86746 95062 
36100 11928 74187 71746 93883 
27524 66035 89240 93705 88524 
42342 61468 34625 44017 50002 
96380 87683 53087 48449 54886 
28219 71813 52315 97469 73558 
30736 51271 76955 18998 11072 
41670 78834 32156 58952 44582 
83678 63297 76264 99180 48575 
93930 59868 74958 63235 54111 
23852 34162 68577 76370 99961 
70250 28081 62732 86285 52833 
93032 16435 77299 81593 93237 
63213 86660 50604 30546 93609 
88323 92431 90854 44730 78898 
87284 12322 79776 92722 11793 
31536 57115 43935 41853 65063 
40036 84641 82319 72886 83827 
63338 27109 10885 54214 79610 
73873 97525 42203 93705 34935 
64384 89988 52146 74388 48611 
14555 43957 82642 19071 37109 
91413 11325 82248 88479 99733 
40248 55911 34698 68242 78553 
48289 41613 58239 95190 76394 
50839 90134 81704 35153 81338 
61707 93291 11670 40632 25892 
90246 58717 52795 43310 91573 
91968 12757 25267 76470 87754 
49119 43390 29883 31829 88091 
85168 33565 71783 68571 88103 
24260 91611 33789 40355 79753 
74362 29005 89274 87172 53172 
31148 96727 53019 90177 66904 
83768 83184 38567 97630 96332 
46083 44242 61663 75714 70167 
95056 27621 65547 45223 95396 
32237 10931 33231 61403 26609 
56427 87201 76364 53407 47692 
96428 15239 75194 21909 94416 
86811 47183 82716 13066 72711 
55145 20393 93247 58816 85199 
20379 85943 78797 59097 62729 
58019 69069 13352 23249 64532 
70601 53744 26407 18676 36307 
46974 44977 55520 24587 39667 
48500 85235 78543 74916 43898 
65954 87539 18809 29772 69467 
88632 71908 16329 63665 63393 
54748 62137 38949 96332 24206 
59516 80506 84827 27985 44074 
16661 50838 60242 73630 32022 
21491 13483 47890 84913 75371 
25200 82724 10327 80534 64063 
20998 45594 26185 41742 25648 
39362 78769 76774 29828 12480 
18862 27594 41710 54537 74770 
70431 14534 96960 10997 81844 
57509 30681 80318 16841 81505 
39215 73391 35517 22694 41491 
56265 39031 88971 33972 22609 
96081 63609 72556 48588 41747 
10481 15154 91192 45798 59107 
68525 14274 81408 81619 28897 
49149 28696 26536 16999 99983 
44990 75836 19137 48446 17941 
43026 97183 69465 88803 67145 
59721 39330 96292 90265 27635 
18998 34449 46809 50875 69456 
60571 13245 93807 59591 66671 
44696 56864 30476 33728 54372 
90508 48628 17834 26749 32767 
55855 52428 67490 97046 29678 
18908 43266 94051 16640 27087 
28567 35748 14707 48180 73664 
60224 49195 19339 22590 91330 
39885 29122 33100 53467 65531 
69201 85132 30521 85398 53102 
28167 38499 33543 46496 86635 
58237 64277 57112 39974 22231 
46847 19303 63265 44794 46452 
14993 54920 60357 83031 31110 
56074 32981 63991 41557 47898 
26387 85303 61180 31417 62637 
50433 58296 74261 46816 64522 
41580 54100 82029 66235 63119 
76027 51451 10222 64435 58995 
47710 56887 72495 41312 93375 
69363 22077 20054 61741 61720 
72521 14189 44989 75906 93742 
81192 39944 55775 60823 46481 
69706 14550 69320 24139 23861 
84391 18514 61075 29315 11176 
65781 16214 90122 29756 95175 
90760 99419 60253 28900 63441 
20271 50016 77551 96729 67802 
35271 70679 81860 31155 84038 
92754 51558 64949 93245 90412 
46217 25184 60286 53957 57095 
99041 93709 79905 34999 47473 
73264 10331 22772 71166 41575 
76791 43584 67206 20738 28485 
13333 87333 71773 48201 11479 
92598 78522 89451 39984 15925 
53329 77143 62208 79023 96423 
87425 45177 73351 30884 14764 
14837 74204 34344 40803 93248 
92413 82089 57556 53164 18954 
60516 24152 11252 95883 87615 
90138 52229 80606 55543 68717 
91661 96532 93613 61565 50112 
69757 95394 83852 55750 87753 
55726 41469 31493 13633 76861 
51166 27553 36039 23488 89018 
44092 22405 17192 50125 48207 
35661 40912 69238 31854 21853 
43906 37452 79590 29414 81697 
98453 18603 38446 37992 73588 
