6454 6311 9815 5631 8501 6706 7411 3042 8987 5215 6503 9626 8728 5127 201 457 26 7549 6699 5428 6714 6377 3527 405 4634 3700 3451 7057 5426 6291 4544 3050 6996 9728 6374 1349 8136 425 2014 8056 4423 5379 4930 9234 6557 9871 6802 1903 8799 4149 2690 3109 5651 6053 2715 9646 1910 376 3096 7758 6571 8709 7665 4121 7142 3004 7724 3304 4134 961 5823 2941 9991 9904 3809 3790 2519 8044 7725 7575 3543 1237 5201 7212 6636 9412 9639 399 229 6325 8348 9024 9339 9104 5808 6150 6059 7769 4204 8884 
6187 3159 2140 3835 3323 4674 8451 2749 6442 5965 4898 5348 5102 2893 2779 8503 5523 6841 2693 6133 5235 7907 3796 5136 1708 2688 2559 5700 7945 4634 4986 9000 4613 290 3875 9761 398 3265 166 3692 9068 8576 4201 3171 6248 1434 1255 4944 9310 5929 9292 5609 9743 8411 346 7080 5880 6338 2136 3995 7974 9692 117 4463 3501 1384 3967 8802 3176 8727 6092 5022 8605 2820 8654 2275 8505 7863 8454 3437 1076 1811 6440 2701 8097 5994 6124 9953 2904 1981 9358 3838 1799 6053 3043 7635 7713 848 4979 5492 
3945 4646 8498 3684 8717 6638 6805 6661 3169 402 666 1189 5411 374 8609 6629 7730 3475 4972 6238 3496 772 4146 9660 9589 5432 9005 2314 639 4954 6944 6361 9539 3524 4472 4065 8283 9400 4054 6574 1706 7393 6143 9099 7895 2441 584 1422 9194 9277 9307 4904 2135 922 2145 1809 5879 2062 2295 4393 2124 9323 2736 4979 5474 7708 5306 4334 9920 8068 4634 5883 1224 4959 2276 467 4384 6807 5244 780 6408 2669 8871 4577 850 4754 8897 2610 1852 4512 4599 6557 6288 196 4006 9174 2673 7750 587 5292 
931 1227 3914 3020 5189 3408 5683 9060 8539 895 4393 7507 5768 5209 8037 6617 3064 9703 9496 3688 50 9899 8038 7971 4322 7998 3970 5742 3169 1254 5534 1072 7221 7946 4069 6756 1396 6173 1526 9485 7663 366 3456 1225 9284 9170 9372 6716 1588 3997 541 1427 7757 4388 1801 4239 7369 1910 3589 44 1 6713 9525 3763 8603 7715 8988 2354 7734 5961 378 6720 9758 9953 1796 2751 9269 8128 1923 4486 5186 1463 3177 1786 2063 3113 1287 4300 7376 2289 8833 466 8761 5638 6319 4616 8377 4774 4802 1074 
275 3543 5325 6104 9120 200 7190 3075 5935 6081 2419 4135 9569 1491 1093 353 5161 4381 5647 9232 1441 196 2203 5655 8806 6551 6202 9504 2227 258 135 6238 1126 6429 4870 6409 8245 4097 4658 8143 7883 452 6577 6772 5012 2865 7956 7272 4697 6874 5473 3979 1663 8766 5118 7784 465 981 5179 1192 5019 5639 5056 4657 2980 3699 4040 7083 8389 7855 8553 901 264 4300 2280 6077 1686 5272 2135 3206 8642 3090 5914 4641 9825 9953 9129 3347 1213 3623 8802 8163 9942 1706 7511 6255 2050 86 4773 9416 
8555 1983 891 6569 5020 4218 9262 2661 3877 6123 2019 8293 200 9550 2785 8777 9771 7973 7015 6427 9954 4725 6661 3665 1570 1209 8120 1253 3305 7617 9161 1263 4835 4274 9741 7599 6987 4326 6635 9709 8232 1398 5828 2424 5740 4926 3393 4648 9388 9620 7858 466 3937 7633 2915 923 9246 7709 1090 6516 1979 3199 9445 8786 7050 1798 9960 8402 1514 7108 4959 2832 8441 7970 6418 1818 9178 5994 1851 542 2551 4801 226 726 7929 7239 7987 9990 4869 268 6442 68 1291 2913 6448 7793 4168 2457 1152 8373 
5153 1314 7725 8667 5985 4771 7491 4708 9737 2910 5907 4225 8166 6443 4150 1231 4319 9183 7282 9172 6936 2203 7032 9521 3909 3055 5426 6448 5140 958 7749 2532 1916 3103 4791 4262 8746 4302 4105 9876 8389 2324 697 4875 6943 6785 9558 7689 1260 6465 1125 6305 3745 9749 3395 5676 985 6185 5165 8607 8754 365 4895 8794 4694 8316 9725 8986 421 6045 9939 10000 3663 2552 3186 6480 1067 1934 4060 7828 6600 3442 260 4881 2329 8794 4034 7676 6106 472 2418 9200 9661 3030 8909 4609 2718 7334 2746 825 
5822 3132 2556 1483 3659 46 2973 7356 1472 4555 2047 6763 5984 7667 7458 7769 6608 8753 2832 1326 2821 9075 3627 2922 8625 9474 8417 8845 4678 1049 9948 7238 9640 1903 6133 9459 6496 2113 6240 3937 2860 551 2404 689 190 6194 2483 2698 1706 4280 4440 7501 6163 9163 8471 7086 7525 5816 7628 8857 2025 9837 1416 216 2107 6421 9564 2171 9264 5797 4266 1992 8209 9954 9061 1586 8243 4230 5868 7017 8045 7463 8343 3735 3730 2407 2630 1668 3388 6298 439 1887 992 9266 964 9170 6202 989 5946 9125 
7602 2478 634 962 3737 650 7226 1421 9280 2687 2938 6746 4638 9546 8267 7837 7433 7865 8824 1102 6501 6892 1798 441 5580 7521 8990 8524 2490 1057 2089 3955 3034 468 1386 2114 8334 3628 2614 1190 5433 6951 5765 2051 6970 631 7521 1952 252 3230 2212 38 2122 4683 9125 3879 1594 5157 2678 5298 6779 9000 5381 649 8772 9940 3451 3563 6442 9948 3423 3330 996 6454 5575 2999 3866 4607 7075 8854 8669 2422 1735 1912 648 5262 6145 7127 1112 3908 2264 6535 4124 4990 2036 6662 8370 2585 4458 4498 
7274 9453 2465 6201 1471 3459 6946 9539 2414 1197 6340 7438 3047 8575 1951 6181 521 7358 9433 6787 5168 692 3193 1242 8133 6169 8844 5487 2097 2030 8420 7335 8447 3807 1027 7820 4393 5884 1909 9050 8382 9990 6179 1507 355 3254 371 4909 8831 1753 5854 9490 2045 927 4774 9847 6096 4326 9969 3999 3760 2070 7602 2686 9791 7441 4605 7167 9255 220 8078 5785 9433 4605 652 5772 6530 3487 7828 3109 9029 3283 7420 8367 803 3116 6663 1444 7003 4348 5823 4972 3217 8483 6271 9632 1952 8305 7253 9432 
3387 684 3532 2881 9005 5514 2627 9248 5621 9750 7567 7182 2479 3423 749 2764 553 7904 1027 7166 7859 9292 3471 2092 1640 8985 2245 3281 2402 2347 1366 2843 9183 7137 5087 4915 82 152 1963 5239 3404 9832 3708 1364 3592 2069 4524 6880 4013 7143 7125 2252 3460 9811 1616 3916 4563 6761 2407 4190 4600 2986 364 4156 7351 5868 2547 3404 7414 4109 7010 7902 818 2017 5088 447 5970 3441 1847 4171 8292 2042 2505 7927 5198 8990 4904 2734 1344 2250 1357 1107 7432 8666 2488 7363 2870 8281 4823 9233 
5454 1435 7143 9472 7850 6148 9569 9310 4759 9155 7960 1198 4379 6955 8058 1902 715 6107 9723 6899 6569 2015 4439 70 8365 5923 7661 3026 3539 7567 9022 5973 621 4378 8385 1144 1997 8523 9754 6780 5760 5186 9545 4299 6168 5774 8377 6086 1420 4604 2116 5087 3072 9924 9259 5334 4095 2375 7942 4327 8716 7818 1387 7355 3177 603 8950 3726 5416 1083 855 7088 3490 6951 9388 4454 3339 2360 5858 54 3620 8559 1268 2229 5797 9434 8652 6167 3159 2366 1309 7101 2811 1474 3112 6430 133 664 5664 7230 
3466 2145 6839 511 5212 8384 5144 8652 5411 9981 5565 2589 286 1789 5998 5479 9472 6146 2743 1875 3671 752 5965 6898 8446 7922 8789 8363 562 9916 7448 2621 5432 4211 5883 5635 1743 684 628 6569 449 7835 7533 7727 8650 732 9828 4591 7735 1732 1760 3952 5201 6260 7599 6550 1175 8126 5127 7943 989 2808 8577 8257 2010 2869 4734 8527 3030 5123 8738 5461 1279 3519 9420 8034 3578 5438 8867 1412 582 8311 5775 2205 5743 4916 2003 7995 4794 848 234 4064 314 9878 7728 5597 3547 6724 2478 1739 
5066 8871 2426 5159 8899 9269 5564 2151 9851 5204 2166 4700 5031 4656 9006 4103 8494 424 939 4290 2611 4710 2898 3776 3644 8036 7669 7029 3997 9605 8927 2137 564 3681 2463 6044 5390 9778 3387 1233 9525 6095 1786 2916 996 639 528 2238 4673 2683 4776 9504 5885 8990 8389 9861 8809 537 3252 6131 5541 8191 7485 2691 4091 8925 2562 5476 6490 3647 3654 8863 5669 1022 3082 1296 5289 5360 5 5879 5790 8931 5995 5451 4164 3258 7552 1030 4457 3231 2163 9858 2141 7516 2463 1149 164 533 8863 9424 
9024 8604 8063 3242 8013 9251 836 2004 1985 7311 4283 35 1401 6297 9903 9791 4656 5056 5343 1684 2979 2451 1320 2666 3954 3680 1894 1544 4374 7529 9052 8333 3522 7765 6045 7934 2974 9262 3489 6082 2422 8224 5672 2368 1386 6220 7745 3041 965 478 7729 9472 6168 9391 6276 5339 4140 9290 9985 5834 4062 5629 8507 169 4496 6179 3563 3967 1366 5311 6429 7124 7232 7981 1304 2398 9551 9618 2049 697 9376 104 4573 8969 771 2018 1314 1573 9023 6293 7059 8616 8257 2096 4050 8987 8427 5054 2276 8630 
2346 4573 758 4841 3574 6072 602 1578 5454 6739 5833 263 6028 3422 5632 1823 2385 4356 7073 7883 8642 8016 1505 830 994 9269 7883 8899 8300 8758 2795 6465 6941 7276 2701 6978 5732 9158 566 5153 3497 4426 9026 9345 3936 6667 6704 9613 3105 7857 2619 6127 8763 4312 1446 2601 6471 8583 9535 9757 3100 9110 9142 9706 760 3639 9112 910 3376 747 1131 7501 4350 440 2111 3427 2575 7637 615 7770 897 7580 9406 6055 6011 6102 6501 3886 6872 6449 5820 9317 435 6627 2467 3398 648 5210 3824 7972 
1837 3296 3984 5528 4524 2452 377 7433 4333 8738 8530 9393 4372 6345 2860 1990 667 1695 1424 4157 929 6656 9151 1159 8722 5149 6585 9167 1273 8631 4015 1978 1219 6882 8908 1840 2223 2389 8104 9513 9261 3147 8923 8989 3746 1406 6974 7196 6078 3129 8151 6117 8257 9762 1629 7829 44 9347 8986 2625 3562 9295 9262 4278 5606 1873 2374 6507 6754 9178 5033 6038 6932 2020 7674 3752 1281 6300 9927 1160 5523 3697 8253 9934 5448 8524 4615 1423 281 185 6939 8457 6299 9535 8795 1366 7265 2204 4433 7908 
6386 4239 840 5455 6643 2326 8769 1640 6943 7827 6007 7928 5450 1182 5949 890 6508 1860 5303 1042 8928 8380 4713 353 1918 1296 2061 2529 4495 7379 7665 2890 3358 8945 6853 4463 4281 2537 1502 4934 7956 3846 6521 6789 1325 2452 1084 9335 6329 3681 2372 9315 3585 6688 9950 853 1678 6590 1316 861 9378 4422 1195 5081 8787 2389 2655 5042 8941 4983 559 7936 1305 3994 6902 6860 8385 1458 5496 1407 147 9538 2934 3893 3441 7102 8298 9168 3272 2501 9459 7253 9772 6270 6771 5588 4797 4457 9570 6874 
8220 2933 717 1885 1 5695 2282 8552 7908 58 3802 608 5078 8362 2338 4427 2205 8251 5154 1577 6080 5948 3700 5371 8190 6899 2522 9704 8181 1623 9269 8559 8360 9791 720 751 1973 8730 8508 8171 7649 6999 9800 9801 6115 2001 1591 4577 3929 833 2207 6526 6858 1618 803 4063 5158 5821 8031 2287 8199 1485 7879 6356 2834 8922 8433 9479 3968 3319 2363 9559 7521 178 7999 9892 6900 2390 3687 6928 6076 8690 6695 2145 2587 875 2743 5781 6596 5840 3807 5868 6940 1818 2507 8495 3253 5275 1486 5179 
7733 379 829 1791 3080 3748 8896 7548 6605 2452 9027 400 2105 3819 1569 4146 1929 6872 9966 8220 7421 3295 7535 9932 8976 9025 4021 6919 4590 9974 4301 9719 7341 9267 2344 9574 9003 1508 1414 1006 6587 8473 5436 2718 8154 6926 1501 6457 9785 3628 2249 5681 2228 8891 990 9023 1862 6404 894 1445 4238 775 4136 740 465 7637 4051 2507 8202 2741 752 4608 2557 6924 2326 6602 5247 7376 2229 5021 3213 6359 6242 8008 9406 753 2835 1873 4353 3342 1691 1157 5461 4132 3484 8665 6181 5167 7421 4256 
7262 3411 1200 3292 8486 3415 7342 7636 776 5285 3911 1003 5584 5830 9729 57 4129 1907 2380 1763 8348 8402 9679 9165 6778 6814 7174 9775 9089 5161 2758 8506 1976 6010 2959 2215 8703 9995 7099 147 3851 1442 413 414 8647 620 3255 2082 8819 6818 1023 3929 6946 3518 9226 3348 5534 4579 3108 2830 5486 7664 8822 5145 6025 644 58 8456 6840 8025 2203 8345 8117 5632 2349 8629 6262 2406 8885 1243 2411 7100 4283 4905 8090 2555 9343 7878 9803 2954 2830 7226 5035 1390 4428 7786 7213 5338 9819 8508 
4130 3410 7096 1297 7240 7565 3749 2286 4704 7964 4791 674 9516 9805 3594 1108 236 4252 1377 5537 8286 9781 3883 9254 3153 1290 2347 8122 5181 1323 6396 2652 5597 937 3168 5212 4241 449 4541 5159 7034 2554 4431 163 8129 9884 449 9508 1782 1151 6026 1456 912 6045 1129 7509 6114 6790 1514 3391 9132 533 3477 2626 6938 9849 1304 1368 2308 9999 4469 3847 3318 9578 8617 2832 5753 764 3419 4921 2309 5056 5951 997 657 1956 8752 7830 91 6363 8399 7492 9912 2094 926 9233 1073 3245 5166 5735 
2943 2597 9898 9404 3252 8516 4959 5965 6664 3267 1621 8397 5496 4349 3832 9478 3044 5161 4689 3439 4600 6431 6570 4264 2559 2634 9955 3631 1411 5030 7974 5527 9257 6369 8884 2142 9383 6392 2441 4538 3984 9359 7269 5681 6859 1073 8129 7371 959 9448 5824 122 8334 9099 9866 5834 1677 6333 9445 5891 8683 361 8148 2539 8855 2007 6918 5232 1418 7459 4559 6591 7360 1675 9547 3222 7570 906 7384 677 4053 9872 8335 9142 196 7195 5368 7046 3110 5129 4640 7273 1214 8300 2973 3879 7064 348 4377 7042 
5974 496 1237 2643 5202 5475 9256 4606 2490 6920 1054 5176 8927 4970 8754 9027 2731 4607 5383 5449 575 366 4125 1354 7677 3297 1308 8437 286 8935 7367 134 7809 1906 1308 4666 418 3998 6432 200 6685 3609 4028 596 7973 8590 8313 6310 4947 6203 6269 9542 5612 5626 9309 1874 2323 1580 6725 3641 3718 1457 287 1367 7134 1282 8864 9925 347 3082 9265 9039 337 2655 72 7731 4753 8588 6616 526 1548 4504 2267 7677 2955 3040 5667 6170 3718 1579 4201 945 2296 4684 4630 3579 9739 1169 6859 9299 
2978 7212 8962 1964 9832 3961 7646 4181 6559 6531 5661 7916 8483 3265 2852 9140 8852 3099 8164 7311 4731 2511 5726 9251 2567 7375 8922 8442 9763 9724 8004 3149 7014 8523 2361 7411 7633 8894 6929 6275 1181 9559 4280 8498 5942 2955 2679 66 1721 3653 7905 5941 3616 7487 497 4218 926 3308 2694 3235 7933 9106 5658 136 422 1631 1870 2971 9042 252 4801 2098 2962 4736 8185 7061 1141 1763 4018 5185 4697 6163 6505 6511 8295 9984 7798 229 2431 8482 5727 4357 3074 9722 4518 6956 3318 814 2641 1190 
8904 5623 4621 3020 4348 5299 5085 5361 8821 7897 4342 8880 7823 7526 3169 523 9786 6496 5840 9282 9452 6454 5736 4372 6764 6644 8503 607 4955 4026 6171 7524 4921 5271 1557 2133 8077 9119 7384 1482 3407 6886 2912 8463 7163 7858 7963 8797 8164 5889 8413 485 2504 6476 7196 7742 9824 7956 1382 6105 4550 3695 9982 6562 2167 4005 1545 300 6772 12 4734 5440 7158 1817 9921 128 8065 3517 6778 4901 5519 6862 3674 7031 1213 7818 2046 7029 5693 5366 7218 1829 5028 3125 8028 2251 3136 6338 6023 5563 
6500 3209 4935 6371 1861 836 4266 7222 2077 5480 4787 9725 3540 2589 8017 1494 1848 7060 9072 7532 8091 5185 4034 9587 1232 39 9187 8644 2028 8508 1201 3535 6305 7402 6187 5836 4570 8168 3702 9986 4261 5783 8227 4485 7652 7022 1816 9273 6848 7915 1071 4871 3940 6225 6514 5798 9532 2204 6671 4519 7144 7312 2144 7345 7173 6200 6092 1634 766 5204 3621 5974 6964 6946 3021 8625 3122 7207 4837 9616 8414 4492 2512 3905 7405 6736 6130 4591 8972 1807 9192 3780 4457 9692 5540 9383 2729 9107 9560 9894 
5972 5573 2849 3362 3356 7388 5341 4952 5499 3043 60 2836 2109 8848 4000 4301 9217 8430 4432 8775 7245 6099 6293 4493 1366 5915 3319 617 8980 4035 9510 3105 714 6622 6840 111 3262 4162 8377 3014 4627 746 5449 8389 9713 6868 9846 8709 3584 5507 1390 4047 1888 6009 9603 1721 8539 8288 1981 9361 4280 4200 2132 3828 2690 8534 9201 5618 7661 2989 6581 4975 3832 1069 5733 6760 421 6686 6105 2981 1177 9299 1010 8591 5573 2840 3176 613 5209 9000 8021 1330 9314 2398 4340 9528 2789 3991 6223 9915 
5963 7185 4734 7927 2418 8182 7480 8537 546 9261 7307 5289 9658 8249 1844 547 9221 7922 4328 9536 7216 662 8808 9542 8913 8602 9994 994 9512 6202 1569 6146 1290 5132 6847 1019 2174 7076 9148 556 7353 435 8992 9418 9155 8988 4006 1765 8226 2006 8628 613 9131 8364 6622 533 6698 9302 8083 9565 1439 9456 6269 1487 5879 8858 5049 1138 4650 7463 4852 9916 7181 2372 2666 3020 5657 7595 3926 9945 1598 7792 187 9535 9851 1086 2937 2876 3355 7312 2305 989 9758 8053 27 7918 7731 8737 115 4567 
8517 2341 3245 1790 7052 481 637 9854 3276 4907 1340 1345 4561 9223 2542 7677 6372 1655 5889 7342 374 8914 8394 7427 21 1059 7102 6919 2021 4687 1931 2151 9443 6840 5697 4650 6363 1292 2073 8273 4130 7415 2412 8706 6353 9620 3253 5016 2777 2671 9576 1588 3949 497 6030 3744 1245 3025 7522 3751 1296 7326 7256 6995 4987 177 6094 1066 4294 6943 1635 3572 4675 8376 5920 4711 7309 6511 4170 6088 888 8662 7322 1958 2664 5034 5776 2491 6348 2507 7380 8965 6751 388 398 3977 494 2484 6596 8278 
8570 7074 592 3332 1333 1088 9497 3221 4308 2545 7828 8723 8048 5817 6088 2700 1577 1237 1831 7726 2092 3269 9932 25 160 6328 5955 960 7482 5805 8908 6641 1481 3705 2351 9707 3056 5727 3440 8180 6881 3990 7610 7115 7529 547 8766 5546 9080 2913 1445 8664 3876 4935 2401 8320 9408 2474 9845 6558 6009 8966 9241 5335 5872 6924 8506 8597 6284 108 993 2 557 2821 5710 5425 1053 8985 7176 9307 1778 8439 5200 4204 4058 5747 3256 7715 2797 8835 5237 1124 1732 3289 9266 1925 9635 9073 3924 8919 
5053 9204 8074 3214 6951 4263 2151 7428 319 5813 7248 1252 8547 1092 910 9227 7068 7983 957 5786 144 8536 8810 4423 4904 4381 3514 7318 9895 7723 6839 7708 7972 8535 4722 5682 304 6284 7433 5776 2084 3393 95 8667 850 9094 1163 7951 3720 88 9162 6828 1810 1764 1445 1881 3610 1798 3779 2495 8020 3617 1467 544 2095 1483 7225 3561 1654 5782 6355 6006 3345 3771 6170 9841 6957 8793 9947 8806 1506 3844 413 3166 7799 405 7715 5140 9664 1745 1031 6860 6979 3569 4653 5530 9188 4352 5332 8317 
5762 7606 1687 3025 6435 7554 2053 9875 5288 5643 1089 3181 8260 1242 8791 5660 6281 262 3509 4636 5750 8858 8759 6219 5642 282 4132 1287 3353 2855 1551 3207 7334 7027 1849 697 5241 4003 5535 3965 4890 3024 7063 251 8399 938 2748 4462 653 6999 3859 4286 1323 5749 6055 3882 9130 9561 1524 5009 4311 3102 6292 2251 4973 1006 6527 9770 7699 2253 8319 6615 7123 2395 1584 5248 3971 3521 4667 4892 8860 6163 5060 9173 1010 5275 4578 4122 7278 9467 9782 3831 9131 4291 8938 576 8407 8885 6109 6677 
1483 8718 3480 7869 1016 5654 2339 9519 3031 6283 6563 5937 4499 9016 3021 4009 4466 3560 4043 3957 7465 7573 3182 9155 1999 6474 1263 1686 9385 7055 7282 8681 7496 417 5622 1774 8969 8229 3619 1224 1658 7808 2204 6627 289 5496 1274 1496 3367 5520 7645 2510 1994 1932 7722 224 8751 8173 4593 4804 7011 4667 6114 8343 7105 4156 9579 3292 747 3640 1610 7406 2443 5951 8642 1404 2938 7525 9537 4223 7724 2206 1685 9055 6821 5367 9130 3871 4512 3588 2923 6790 7666 6341 6545 9856 7914 3120 2813 8758 
5214 7091 5737 4525 5985 1487 3481 603 3268 9247 5113 1585 853 3478 9251 2233 717 5900 5828 4478 2709 3482 8202 4813 6772 1927 825 5713 5199 4605 3003 2481 67 4315 6041 6022 7818 9873 8517 2541 5372 8334 1916 4932 3133 2197 6784 2144 1900 2412 2776 2771 586 9539 110 8555 1460 8238 9889 8793 2263 6527 4078 5706 8266 6523 6774 9465 4276 6517 1397 2703 9126 2586 1627 6544 1417 7859 5453 2359 6395 4863 686 4632 4072 4709 6064 7235 9504 591 5830 4232 8894 5507 5862 4568 6689 412 3705 9738 
8223 1524 4434 7031 8285 5412 4820 3484 7040 4030 7973 8323 6223 4480 4317 1701 8432 2128 4402 6802 2342 8441 4239 7466 2779 1744 9601 6224 6657 3085 1208 3561 781 6064 1526 6144 2480 4854 8144 5362 5648 375 7942 553 550 2308 6956 3833 6827 8215 5067 8732 5483 8636 9454 9818 6074 7888 4293 1630 1209 679 9639 4832 5548 6707 6141 8827 3166 8266 5168 8471 2731 8112 1822 1815 335 5800 6490 3512 5543 3641 9431 901 1645 2520 9408 3952 6449 8183 2365 2513 6674 9533 9901 873 8657 4799 6056 4803 
4342 3886 8057 9464 5255 7654 7305 5324 3317 8803 9428 416 7006 4810 1000 5421 2986 4202 3832 5639 728 7704 2336 45 2324 799 9136 8602 4368 1810 6598 7581 6657 9996 2798 1868 156 9045 7516 4679 3693 2781 9388 2499 156 5986 3150 8143 762 4491 6727 6410 588 2307 772 9380 645 8965 1294 7335 3627 2669 1884 9597 8428 3172 9648 3503 9623 4576 381 9607 6507 4692 2371 9752 7015 4482 6938 5744 2872 5531 3187 4202 2625 9921 1198 9163 6999 6609 7655 9800 7045 9051 8971 9679 1415 2500 6519 4910 
495 3901 1976 4598 809 9813 2265 5801 8525 106 9351 436 8825 4655 3785 6701 8178 5759 8959 523 7472 8031 1187 3588 9011 5261 9938 7834 9117 6951 6285 8881 6037 4059 406 2030 7086 5956 861 8200 4183 7156 2645 1768 2592 1875 9932 9737 1917 7986 9479 9771 7601 1926 8155 4409 593 941 7084 9321 6424 5661 8025 8615 7291 8551 6449 396 1823 6018 8382 2541 5074 9805 6394 8687 1787 8799 5744 8623 4879 2834 1414 9150 6443 4755 8326 1497 683 5192 8505 234 3095 8886 4441 798 5560 653 3506 1425 
74 1118 7568 872 3099 1559 4079 6817 6319 7144 9231 6226 9668 1226 4530 1756 6883 6835 2959 1163 3706 210 8212 9954 5124 831 4611 5428 5130 8070 1947 3095 8797 7207 4883 6854 6692 1068 7075 8534 1889 4183 6920 9129 7054 2373 7985 6235 5750 2352 3609 8065 649 4703 9282 7986 8523 6571 1823 4342 9688 466 4951 2542 3307 90 1091 3954 155 8121 2709 2234 7782 1603 5951 9378 2253 2348 5768 502 6133 3876 8277 2719 6568 3847 8239 6293 4423 7231 2529 1572 4126 7825 9617 2468 663 1141 7484 3156 
8594 1898 6877 2573 8658 3591 3464 9353 7465 6536 5577 7799 2453 5769 2992 4742 1525 5221 2934 2961 7450 3862 1183 7579 6935 9729 3351 8185 6591 5369 7575 5746 7409 4554 2511 2539 8371 2950 1447 4393 7894 5989 5178 7470 360 4844 7910 3775 8659 9395 9815 357 4182 3686 6852 5990 7888 9950 8836 9290 8456 5082 2087 7887 2551 7754 8773 5240 4898 476 3184 4043 1591 3196 8640 5642 590 9646 8112 6915 1001 9362 704 2280 8318 5112 8125 2707 7432 3543 5746 4928 9438 4370 6860 5468 6460 8793 9152 6271 
4257 4793 8689 4051 6908 5964 583 5826 7739 6402 6665 8577 2799 1897 9238 4702 4929 1178 7232 8632 7354 134 3740 3204 5826 6647 3170 1558 6948 8236 459 772 4663 1420 4434 5589 4207 5876 3268 4371 6321 1690 988 9947 2420 4027 457 4498 6658 6429 8608 1334 7224 961 2910 1172 1410 938 1276 1938 3564 6284 9784 9437 3602 1924 76 5150 3619 9323 5263 4033 2472 642 9920 1628 3314 857 3155 3627 9008 5578 9086 8840 9787 3360 7374 843 5155 4919 2692 5417 3257 2156 4958 2221 6899 8505 2156 6886 
3421 5899 8889 1886 4556 9485 566 744 7826 526 869 5569 2068 6854 635 3691 5351 8589 3199 9362 5722 9621 2378 3393 3837 4622 178 1034 8374 6552 491 9189 2498 4141 2204 8317 6917 6997 7104 8296 8111 6890 4600 9723 9315 6774 6959 1117 878 7885 6 3778 6124 6453 2111 7571 6836 1120 3807 5006 9485 9783 9972 1315 7015 5050 897 3617 4970 4953 2040 915 1705 1728 7663 8078 1358 6801 9081 9009 7836 1426 1749 8862 610 3008 2227 5103 6369 1545 4735 3706 5028 891 8445 8851 6118 7626 5555 5254 
5927 1156 5449 8258 7707 1839 1519 5162 4791 2162 9912 1876 5027 4617 4769 5507 5352 4729 420 3697 8135 8284 5183 1916 89 8620 7020 7521 8195 4319 8973 9742 585 8815 5951 7349 9429 4136 2230 2076 9137 8135 2492 4317 3033 6781 4082 3380 2806 5845 8157 8551 1146 4535 7212 2056 3985 4245 677 4303 4076 5556 2267 2038 6761 6739 8946 9772 2343 6120 4051 5259 1688 1616 4061 6347 9149 408 4466 5884 7375 7624 7255 7360 7011 8934 481 7717 4250 9283 2655 3536 4884 411 4852 7057 985 9750 2468 344 
7415 4302 988 9385 6391 4941 8437 7034 8622 6748 9008 3165 1242 7456 6777 3970 2562 5518 5230 7542 671 7353 258 4748 7350 4125 3516 927 7975 5427 7654 2128 4697 6802 9526 8678 7772 6734 248 1192 1101 6685 6074 9549 5494 5972 9727 3060 1829 3965 1696 1738 4440 1978 9202 7447 7667 8893 4136 4141 3231 809 9119 1472 815 790 3709 407 3424 867 7421 6681 8601 3305 3713 930 2064 2908 7500 8758 5679 2823 9251 4162 5397 4326 7531 7867 569 5129 6687 3762 5020 1450 4916 2958 619 8582 3832 6291 
7705 1266 7863 3052 7387 8310 1727 7676 1125 5023 4659 1984 7796 663 5298 4612 9120 8319 4014 3727 6221 8622 7702 6461 2615 5832 284 5199 188 1860 3586 9201 2858 2900 163 2343 8783 9861 5921 8844 6131 5124 5700 9545 8480 9617 8347 8944 5955 535 3288 1392 5372 6485 389 3987 8658 4602 1576 8837 3864 892 865 3971 8337 7932 4548 4955 2593 1330 4593 1803 906 9749 3248 6443 5938 2866 829 6648 1925 4190 6415 3038 2748 849 4191 2333 278 5043 1818 708 7113 6324 6521 6700 1662 4352 814 1734 
5605 1787 1066 7847 9964 7548 7276 4290 8103 1979 7520 9711 9305 5259 2703 6940 5091 7445 7008 8630 2350 1837 2439 7949 7557 4819 3839 579 6956 6755 9345 762 5776 7103 1913 5672 3874 6523 2324 4331 5253 1595 8912 8853 7836 724 7611 5772 2408 4781 2621 3755 530 3969 1647 6761 8887 9355 7838 7474 9179 7511 5565 3453 701 9270 3326 9100 4968 625 3400 1523 7563 1515 8834 4651 1029 7682 2372 1948 2119 2102 4975 5266 8947 6379 3530 557 827 1423 6810 3636 9438 4023 6190 319 1197 7988 5839 6498 
2652 9353 6210 1128 6293 3445 961 8466 6616 858 4805 4695 2119 817 4262 6326 7842 6579 7053 3029 777 3425 2973 6521 1729 6445 3600 3863 9080 8320 8532 4611 275 1030 1894 8437 2555 9657 8682 9912 3468 7529 9524 4352 2286 7821 2719 2504 597 6092 571 9696 966 8360 357 2676 5374 221 9710 821 7262 1319 2873 4160 6606 3619 6013 8232 6352 3848 3518 7162 9656 3234 7644 1123 9029 7983 9445 4837 7759 3566 5188 3158 3034 509 6261 1998 2593 8273 1664 3457 2488 6613 9545 1267 8631 5259 5198 33 
3099 3379 1031 1896 1511 6948 7015 1365 7336 6476 4099 1729 9471 5514 6481 7106 9926 4363 5722 315 1877 7862 1790 3041 8246 9993 1233 5352 6245 6922 7511 9033 3128 8117 2494 3356 834 4030 4770 9297 3360 8550 5984 2795 4593 66 8498 7696 5758 9046 5148 2876 9225 5942 3692 8441 4272 6558 7691 9480 1344 2377 1188 9572 1915 8530 4599 6360 6032 3901 4223 9203 9204 2665 3913 6065 7274 9960 8234 2955 9599 4285 2109 6971 1967 9365 5277 7097 8529 2888 3837 4109 4980 6162 2632 750 6716 6167 5659 7862 
1230 8232 4241 9439 3939 3707 9226 6055 4493 8863 3278 328 9713 6170 8029 5740 8688 9784 9589 3672 4631 6664 6381 9733 9800 6537 3435 2007 9435 9356 9664 1737 144 4244 2040 6162 4049 5256 3665 2998 9634 2463 8329 2688 5774 4104 6702 3750 6246 8156 3310 9356 1220 3496 7384 9489 2129 528 6562 5949 9616 8287 4194 1788 5087 6728 2989 6066 6055 1721 6603 4490 2180 3437 4613 6134 7242 791 1376 3960 8728 8499 9210 4131 8997 994 6961 5452 9682 3076 7680 9443 6677 6736 2287 3908 396 1100 4285 1070 
2693 2822 2586 2626 3525 7471 3920 2596 4336 3020 567 6959 3160 4620 6792 185 5056 9274 2263 9974 2570 3064 7103 1368 8009 3046 8929 2950 7278 523 8895 4089 8780 7119 2282 9307 5968 3591 3932 3726 9525 8603 7115 6668 3542 5721 6420 4167 9891 7295 7968 7917 3907 437 5696 6670 6616 67 9323 8463 1650 3109 6505 1986 2597 3169 4270 4106 7876 2745 4152 1062 3858 8567 8648 2005 2334 7325 6245 1318 7462 6555 4703 1881 4323 3193 281 2997 9350 7873 9862 3190 4808 9375 1487 976 2011 7667 6358 480 
7084 5440 6669 5915 6235 7782 9668 2262 3231 5836 4904 7089 6112 4634 2545 5710 9703 3903 5823 3357 692 6626 9331 1030 6012 9353 6610 5826 6212 3196 4419 1347 1405 6205 1786 4020 5459 5423 3815 7381 970 6684 9190 5368 4024 2935 6892 3130 1377 9798 1574 646 69 2011 1149 5900 543 5261 3742 817 4740 322 8519 8730 8520 3311 6510 2001 8069 1932 8317 8349 7180 283 8585 8532 4456 5392 6384 1775 3571 2174 2561 9356 5471 5751 9016 1386 2563 6061 1931 1672 7300 8632 4886 905 4592 5213 8258 9087 
6232 9022 3564 5831 947 6753 1522 9963 9351 9420 8952 9539 6271 2622 447 3567 3949 7184 2454 1877 3692 9009 3452 8053 4222 505 9734 8348 7723 7800 5346 8937 7211 4619 1000 353 7110 6184 6784 6634 2617 5760 3049 3086 4135 9296 5389 5700 3318 742 8651 8936 6435 4215 8116 1578 8186 3365 7418 6492 5121 822 8875 993 1666 6405 7542 3768 9076 240 6733 6553 1895 6061 6717 6161 3506 5683 5212 9476 3454 108 5589 8408 7277 612 5296 5646 105 4070 4719 8505 685 663 6707 9182 6259 2415 881 4631 
4207 7484 2765 9180 8868 4526 4593 2633 2971 6246 1545 8122 945 4985 3608 5154 8233 2174 6287 9828 5620 9683 3937 3702 7534 8452 7247 1030 7253 1530 5294 421 7834 9229 448 7466 1704 2855 2810 9246 257 218 5928 7768 9906 4109 921 4370 3805 8415 8786 4763 3672 3864 9112 4205 2364 2447 3585 3769 5278 3710 6502 9977 423 2503 4603 5091 6606 6754 2253 8125 4332 1266 5426 2673 4293 7833 8504 4542 2634 7077 2809 7071 1933 1502 8040 3722 5830 3099 4470 8812 7976 3184 6545 5970 3712 1873 8999 23 
8430 2952 2061 2502 7681 3016 3395 6542 9706 4587 660 6602 8128 2605 610 7007 5615 8438 5956 8398 39 5341 4795 9877 4510 7361 7199 7713 4531 6652 4260 9576 208 9829 9819 40 8829 6404 5263 2518 8803 25 4683 631 6901 7787 143 592 6301 6919 4250 6605 6676 2895 1406 8871 341 8444 1215 9971 6368 2940 133 3380 2202 4569 9990 5764 6327 3013 1903 4193 1985 3611 3307 79 5501 8118 4484 5156 7107 9240 559 4191 5053 2302 3289 9141 3912 3344 7111 8117 7179 296 284 86 8061 8852 4091 6006 
2903 2221 4232 1877 9582 2635 2163 3873 1991 4810 6772 4521 5736 8716 3872 492 8729 6873 7954 7999 9363 3530 4647 6975 9110 9361 2176 6946 3056 5672 7037 5490 7517 5224 8711 8186 4007 7493 9333 589 4057 2616 8344 8945 8417 6958 3240 3383 4724 1584 1379 9155 8378 8623 9205 6041 3168 9894 6741 8141 2600 6747 5660 6681 4230 6954 6398 1701 7294 2143 1107 9465 1038 9777 9742 8956 2957 6657 3304 7590 6590 8381 7553 4381 2161 1767 6175 7896 5829 3649 3289 6000 9915 2352 2860 5110 3265 2628 8215 8540 
3724 2053 3004 5958 4796 8355 7524 2789 2775 1267 545 9394 8803 4918 1030 3592 7093 62 9110 1252 6505 5352 2178 5908 9859 3378 672 9891 5412 2089 1636 3767 9764 1718 88 3863 7443 7257 6304 4806 8898 633 4358 5526 8281 3000 7206 8322 9950 7969 4778 5559 7390 3539 6302 7901 2947 9247 5111 7228 6816 2285 6860 1257 1720 467 6152 7321 2648 3516 6585 1904 3534 8632 2399 1982 4968 877 6100 8681 7080 3332 1913 4623 5854 6827 4978 8520 5386 6741 1521 1720 7452 2605 2434 2121 3555 1253 7994 3538 
9084 5689 2325 8732 1360 6990 582 6686 7094 3325 7835 9415 5139 2653 3176 3516 3410 998 5677 5024 3540 1928 6909 8560 8688 9924 7782 5347 1164 1268 3157 5340 5505 7147 3678 4099 81 7958 8624 1113 9156 431 5505 3036 4826 3251 7172 5023 75 802 9103 8298 7676 4590 1500 1037 1253 9146 6176 516 7113 6217 5257 7815 7921 6930 1077 7879 8915 220 489 5294 4090 2622 5857 5345 63 2057 7692 6824 2541 2050 2635 2012 8659 1208 7987 3122 6491 2141 64 5829 6948 4851 5282 8774 357 8327 346 5278 
2551 3859 6426 3123 4164 5441 1105 7333 6615 4513 2132 3447 7043 9332 7780 7349 5223 2498 8923 6159 5980 4824 4286 1453 7021 9882 3603 4979 8145 2414 4065 2056 4252 4375 464 3737 3152 6490 1282 3361 7087 7346 986 3207 1800 379 8362 2782 5882 8837 3053 6906 6138 484 4103 2002 289 4583 7712 2733 7076 6140 2232 3427 1253 2182 3462 3078 8293 3418 4721 7911 828 9035 8499 9078 2139 6276 4112 6057 5920 58 2390 4871 847 5725 7187 1109 5423 4542 2377 1997 3804 7114 6836 8024 6337 1328 5893 3947 
6043 9943 540 8582 1777 2823 2993 1255 8069 3211 1952 5869 9173 244 5734 2537 2921 6864 8563 1899 9843 3843 455 3799 517 5948 105 9514 1459 7593 4844 6366 1641 6128 184 8848 5712 794 8879 6677 2428 7173 4066 6713 3661 2720 9309 7844 8472 5650 4942 2949 3748 301 2343 4542 1613 1269 7229 3114 571 5476 1101 9491 851 5358 6543 6605 4523 1929 8000 4615 219 8991 763 210 2020 3766 312 2509 1406 3820 1358 663 8847 4810 8566 5281 3039 2008 5471 4202 6062 6361 989 2356 9579 3003 7545 382 
109 2412 6143 5244 3643 1364 8781 2689 7160 2714 8809 3087 2339 4147 84 9386 1090 6343 8459 2476 687 2856 1884 5717 9329 3919 6980 6725 9582 1557 3401 2374 4783 7079 7641 8621 2041 2844 3080 7798 6608 4629 3098 9482 9636 1322 2608 5698 475 5057 5121 366 537 1759 1705 7844 1365 4938 3583 9719 1458 363 2573 4508 2498 254 551 892 857 9686 2495 7176 1463 8705 4955 2196 710 8480 228 465 7224 2448 9085 1241 7350 3681 1178 5038 1555 5991 6866 9273 9599 560 4306 5863 1165 128 9318 1473 
5787 556 6897 1133 3596 2471 5151 9915 9778 556 9133 581 1044 5486 1798 327 9302 9140 7556 4255 659 5993 2699 4860 813 8151 271 9880 6802 2194 6009 1499 1904 7729 3811 1448 9964 294 512 8119 4905 900 8722 748 6404 8334 8817 8323 7605 4106 7399 3069 4333 5488 7751 8260 6955 3609 1897 9049 5563 6516 5339 7358 1178 8859 5129 5056 743 2575 9120 7162 7752 3627 3126 4273 9110 6260 5275 4420 9100 7625 7764 4680 9464 440 1503 7725 6049 281 8927 7128 1895 5981 9742 8317 6862 570 6991 8703 
9128 9911 6505 3230 5923 2955 2406 8302 490 2982 643 7793 2309 7166 5190 5724 7295 5461 588 1428 6203 728 5561 5171 3718 846 1389 277 2492 5659 647 8145 9482 3794 4960 7233 7265 9843 46 2322 3502 2084 9728 3756 7448 5816 7129 6591 4300 4336 2604 4440 7353 7550 4577 7085 5855 1296 4071 4797 1122 7361 972 6258 8449 1696 8666 2218 7305 8487 416 8329 5189 8383 3767 7154 509 4305 4173 673 6448 2707 540 7357 8337 356 9508 7546 2118 9275 678 1540 1669 1478 2943 7034 6454 6245 6019 7785 
4359 30 4125 9049 1949 2725 327 2114 7727 1441 4371 5484 9124 1721 6481 3692 2051 1053 4844 1694 9677 5183 4589 4836 4405 546 9329 4117 1264 6517 3539 2259 8774 2624 5814 5087 5157 627 3468 5975 1673 3693 4943 2564 4707 2567 8104 7681 9281 566 893 5150 6163 4437 4639 3144 1275 841 6681 8879 5874 9269 312 4877 5818 9079 6311 7003 4058 3110 540 6074 4617 1795 1264 4563 8417 7288 7484 7004 4904 6040 484 9394 9693 3639 5891 7186 24 9123 2678 7290 6229 2705 8103 1187 9365 2145 3555 7026 
5949 1465 3278 3951 7209 8863 2753 1193 2413 6950 9204 2838 4644 3706 8277 4307 8451 3557 8726 6595 6921 8697 9382 7984 5402 8355 5878 2391 748 9843 9585 383 8756 9328 7003 2307 6459 4893 50 5292 9081 3809 5923 4017 7761 867 8031 8700 2078 2977 9189 8451 1607 3104 9568 6277 6810 6228 1046 1293 8581 8591 3058 8465 1661 9836 393 8084 8522 9027 351 5344 3392 4868 4083 6300 7252 8707 5407 7564 7345 2657 2156 7926 5105 2291 8006 9057 8093 1512 9399 7898 6866 3856 5922 2043 7962 9899 7979 4039 
5689 5462 2139 8222 4360 6017 2106 1634 479 233 5255 6969 3283 6725 1730 7876 9076 310 3267 6774 3938 6359 7756 6972 6687 1519 1131 1147 4109 4653 3792 6004 985 7744 6963 7833 3042 6680 8670 3284 2073 5060 5674 5198 6086 4651 7676 6400 4684 5406 4346 7868 4474 2967 5046 3951 8895 6985 938 6564 6203 79 2889 283 6577 9135 3426 8526 3649 9238 5995 6848 2993 3634 8250 477 4782 8362 9739 4988 2008 7062 2117 3079 6234 8538 8836 9967 9743 2386 7257 5484 3770 9505 3463 8472 8286 2337 8749 9636 
5549 6154 7626 3171 3629 1246 4149 4983 1046 6657 6744 155 6699 3913 6567 8197 1111 9096 9451 1967 5462 9898 61 5074 8570 7177 17 6207 8290 508 8971 1349 6673 6422 2023 2580 2349 7507 4138 1476 8534 1848 8385 215 2500 5820 6015 6523 5109 1528 2245 807 1390 2837 2625 2732 2187 1946 3289 8359 2630 7790 841 5021 2214 4670 9976 3271 5635 9726 3167 841 7548 5550 4635 4023 6187 6411 2750 8215 3493 4587 5877 9146 8872 8818 5865 797 6433 169 5009 7752 4261 7996 9588 3647 4413 7859 9616 1183 
2414 3411 860 5295 3064 5585 4488 9731 1174 8359 509 6772 8439 4837 9563 2861 4967 7421 7482 3279 5572 1009 3369 9436 1066 1912 4419 2327 8024 4207 4690 9357 2364 6199 1594 6140 8653 5558 4241 2058 1186 3318 5913 7499 7303 2474 9616 1059 3476 5350 3735 1865 8747 8968 10000 6888 970 9297 1933 9733 4555 5367 4722 1588 7443 5339 4525 9364 2953 7656 3918 3212 6063 1521 8635 5349 410 6829 8746 7547 5021 3102 9151 4215 2486 6158 1338 5622 5082 4664 5998 4460 8685 6262 5224 4402 1770 6772 7899 2600 
6305 4955 5219 3632 6849 8745 3605 322 1264 6014 3061 4551 445 709 9068 3519 1662 2612 5411 775 5037 3636 9256 6762 5252 5262 8646 2548 4495 6970 3429 5024 3275 719 9039 4769 8860 5770 2964 9024 6558 3641 4502 8186 8451 23 6670 4396 3567 2529 3022 5404 9033 1400 770 3065 5390 751 6381 3034 2378 4009 5495 1640 47 5963 8896 8831 864 2340 3191 3315 7885 7770 5231 8155 9236 4288 7806 3754 5226 1062 4330 9600 9873 5634 3070 1408 1059 9282 5314 9782 6509 1605 643 815 8002 5187 9457 568 
1109 5180 4811 2564 9801 1383 3086 292 3303 5351 1352 8195 6265 2873 4072 6226 5124 8620 1010 9885 3997 214 7013 4940 9954 9172 734 340 2891 5439 4318 231 9028 4418 8661 2006 1157 8756 4779 3035 3055 8819 357 1450 7560 8781 457 1850 8863 7470 8009 1697 4730 4775 7719 7450 7712 36 751 5847 435 5584 8964 6870 1666 1133 9710 4157 6254 610 5447 7266 2500 6549 9306 7895 8594 1463 6344 2414 5990 5944 3713 8282 1652 6551 7309 8753 7855 5330 3469 4094 8444 1650 5269 7040 2111 1770 3481 6262 
3519 4468 2680 8036 6979 4289 3700 281 287 7390 2769 834 3810 3419 608 4569 1010 2907 3689 3693 8994 9554 6035 9268 1191 1853 8024 3673 4277 518 723 9704 8330 6457 9634 3042 8042 4300 1922 3988 1702 8749 7884 6052 895 6882 4492 5864 1586 9641 9958 4384 9461 2133 8743 4513 6429 2000 6726 5967 2257 9769 6790 6665 2283 136 8553 3976 482 5928 7097 8454 3128 5928 1402 8375 8760 494 9432 9940 8232 1556 6120 8318 5786 3338 4560 2402 190 3163 5195 5997 4188 1352 1511 9539 4665 603 427 4378 
48 783 7645 2697 3264 331 8306 5347 4497 5191 2973 4837 3465 2505 5963 3821 1933 993 1447 4634 252 5273 4736 7555 7691 1098 8130 4050 5863 7086 9987 887 5694 1962 2888 2195 2374 9750 7574 7394 7532 3138 2882 3003 5055 9359 4252 2501 9439 1844 9305 8791 4995 3295 8765 4152 4304 1062 6319 4279 3296 1648 7873 4565 6190 4139 9892 2810 6267 2572 9051 97 7784 9894 515 2630 825 4633 5303 4490 547 3284 1026 496 960 2834 7858 1328 2422 80 4518 9757 2338 2315 472 1779 710 7314 3742 8377 
5574 805 6705 3030 5226 3571 4836 200 7487 6213 1871 9720 9300 3672 7439 1551 8555 8543 4591 5638 3750 9015 339 6257 5827 9129 4660 975 3873 8098 3344 1667 9702 3300 1560 9031 5900 7083 1532 4011 1440 2252 5079 8951 9514 9690 7036 5130 2289 394 2986 7266 4080 1272 3790 2400 3811 3511 3842 2696 2536 4979 259 8243 1259 4448 3116 2282 3770 3773 719 5405 7316 3730 1506 2458 8800 686 67 2451 1087 5416 132 9368 3896 2879 8230 5557 5268 8567 145 3262 8327 9322 2594 1940 6538 1647 9346 5435 
3860 7052 5842 5632 8113 3367 7723 5788 4788 252 5269 3224 4719 6352 2836 8170 8896 5632 2128 8950 1104 9726 5704 4981 1499 3146 1484 9518 2658 9766 1183 1857 7764 652 3522 6619 7340 7675 7489 282 8234 732 339 842 5484 4459 2763 917 7100 1253 1366 6476 7912 4377 236 7859 5259 7594 96 3627 7791 1937 1782 993 2687 19 5041 3407 4445 7250 5853 9460 6285 8410 988 8524 2482 3875 8581 7451 6271 2247 98 3309 3617 7152 717 1242 1580 6135 8952 3145 2520 9772 1281 1362 1251 6583 8227 3534 
6655 5041 8111 7881 5938 4595 1741 2861 3502 3724 304 3003 6585 3062 8052 2266 9979 7308 9095 2291 3400 2096 3959 3130 8621 4196 5282 4560 3958 5629 8860 592 7207 6461 4352 3310 5485 4207 7898 9967 991 9825 838 5224 783 5282 6438 2114 6620 6505 642 8702 2807 1082 1378 7125 9304 3725 9850 32 648 4704 7872 400 9845 4902 288 121 7714 607 3531 5217 1548 6150 9837 6197 7409 885 4239 7144 4936 9195 5269 6715 8912 4077 2087 2973 3413 5223 5495 3532 9444 4371 9098 2260 3974 1520 1539 1775 
8174 9751 965 2425 5344 3858 1560 8551 1719 4692 5123 6953 8030 8777 7185 9267 8991 8571 4499 6650 8653 7650 3530 8323 9856 5417 3929 7662 6159 4959 7663 3450 843 7894 9926 2877 5476 8416 3171 7664 4805 9360 2786 2968 2554 2229 7604 1689 3423 4921 4554 1629 6010 1265 4988 8437 1856 1430 3686 3796 3361 14 4132 2969 8553 2526 147 3684 3382 3534 4659 881 3757 6091 9503 7823 6536 2253 101 8412 8755 9564 2124 2426 6225 3054 8402 9396 8677 5719 4641 4432 3888 8907 9164 1180 9689 4040 4656 8781 
4225 9902 1342 2340 2383 834 9567 4643 7987 1168 124 841 6843 8081 9842 6679 4550 3921 5853 8057 1421 4081 2551 6319 5646 8826 9720 7487 9957 1449 5811 5198 1409 3902 1930 2120 6905 1820 2069 8553 8861 9094 2251 4977 9298 2506 2136 1220 3953 7903 8447 9995 4977 2872 4416 4919 4494 7060 5120 3823 7951 1890 7145 7765 8109 7358 9293 5190 3676 8579 6284 6212 9990 746 8542 5742 5460 3223 2270 2953 6449 5683 4203 1062 3924 1722 4817 3441 7388 1794 2184 1646 5168 1237 3047 5755 6661 8181 7664 9042 
8591 2953 5704 2695 7442 3187 8744 5478 7713 8983 6629 8589 7315 6406 510 4796 4601 7469 2017 1568 3047 8742 2813 9383 2455 3810 2574 9249 1348 3362 3440 2254 786 722 7493 6342 9360 4360 6364 9616 8749 7896 9343 4965 4064 57 8342 4944 6128 6413 5713 4413 8578 9509 6510 8704 4943 1939 1517 5990 1259 3140 6353 7129 1153 7938 2277 1947 1311 1238 8296 1626 3547 968 8948 7861 3135 2220 6942 7325 3282 1021 8351 5014 7774 138 637 5026 4187 2574 1079 6346 3745 2248 7521 2266 8015 1441 6727 7262 
5946 6747 9188 2410 2311 3308 8782 3161 1522 9595 7089 2895 1048 8155 9709 9514 1267 5227 1975 5294 6458 1008 3976 1870 6830 9826 758 5948 3350 6810 5638 6707 7769 8133 1999 4535 1273 8353 8479 4385 2076 3517 3819 2505 8693 2743 2169 2052 2466 2741 3650 4672 4898 241 7145 1515 2472 9476 2905 4880 4107 9122 4379 3727 6797 1032 5273 9282 4241 864 4087 3612 6902 7145 9619 5315 2725 3732 6484 7537 2171 179 357 8757 481 795 5297 4095 5529 9345 7704 6778 5862 6868 1799 2810 9439 2594 2401 5582 
2611 6622 453 5169 315 3179 483 7373 9676 579 1486 9429 9517 5212 4043 5126 1029 7076 6300 2650 502 173 1671 9760 2596 6399 146 9117 2966 9101 2039 9966 421 821 2855 5095 569 8070 2434 6413 1618 1778 2851 1166 8291 5197 9965 4212 503 2622 9514 8298 129 6970 5599 6392 5187 8831 5944 6642 3476 6089 2227 6500 4548 1999 4376 7086 500 4982 7702 457 5749 8291 9289 4782 490 3143 8998 3125 457 2835 8970 7127 5195 3695 2519 8013 1450 4223 9890 2580 7354 4826 6767 3161 8462 2002 2276 3239 
4203 2903 9639 7219 5601 9783 6685 8787 5566 8520 1709 6464 5536 8878 7925 3610 8067 950 6882 4928 1911 7125 9811 4080 2155 6211 1779 981 2424 9879 9466 4646 6046 5161 3386 5632 2017 3280 5046 4509 8063 1447 2969 8142 1327 3712 9774 63 2543 4009 7494 3212 232 5853 8276 8412 5835 7391 2469 3590 7072 3002 7456 3373 9436 4294 1759 4306 8876 4418 7600 5255 7973 719 7112 6637 573 2777 9465 4930 5330 1032 8719 5426 1939 2178 942 64 5217 3472 7637 6328 9972 3737 3596 7422 2735 5699 7494 4632 
733 9736 5276 1893 8172 4182 4821 5031 274 2525 5995 922 3625 7161 6050 2705 6385 7131 7185 9665 2275 8303 5994 4465 2113 3414 812 155 5951 9580 8644 9122 8536 1748 1618 4245 2587 9207 4740 8658 6143 3157 1786 6616 8972 7373 1652 4693 6830 8956 2692 7776 5513 8949 9698 472 1693 4281 9375 3406 6354 5304 8897 5067 6809 8171 5153 5302 8414 6113 6346 175 1531 37 5992 512 5844 116 2465 24 2403 6624 5116 2900 2490 25 2360 6427 6416 991 1324 8151 6600 9318 5593 971 8536 1657 6397 6390 
2914 2732 8043 1800 9961 2646 3679 2249 9725 6110 8026 8098 2149 2290 8657 3396 2340 6717 6189 4060 9645 3088 9909 5047 8906 7998 9143 6155 8993 7459 1379 3133 8997 4258 1930 8265 309 4067 2716 4370 9690 3543 9723 6280 1977 6245 9257 5700 882 8470 1454 1555 8769 7167 1265 6490 5059 4356 4058 8308 6432 7844 9744 9786 9620 2926 7007 8045 7175 5119 759 3123 6375 5452 2759 5148 6830 5454 8700 5991 1250 7263 1698 5003 5998 2862 576 6243 917 2414 8020 4731 6488 3215 284 9412 6922 1694 1063 1266 
6831 6361 9806 2438 2126 358 403 3846 3491 9036 3807 3877 7015 861 387 1364 4056 8473 7344 3224 5781 8598 4591 3957 1063 9425 4012 7152 6693 4568 3945 5167 7799 1649 2096 2703 6898 9829 1643 9336 9964 7045 8387 2566 9203 5212 6725 2853 9968 5274 6163 860 9417 7071 4364 946 6914 6389 275 2285 3967 8786 54 2964 9466 5243 8623 2295 1242 4755 6812 6201 4717 499 3130 540 9093 9993 6631 1660 5011 1198 7570 1207 349 9667 2856 9085 6238 4656 1264 5279 2880 152 1000 8757 2879 8888 432 8687 
6737 5826 546 5834 4102 5322 6767 1572 4173 5721 9751 7302 2475 2162 1769 2009 5934 2579 2867 1609 5279 6497 2262 8048 4416 2388 4252 8092 5732 8756 600 8760 3599 5599 5646 195 8473 2389 2580 6135 8444 5648 8890 9493 8859 937 2876 3320 4837 717 1401 8443 7548 1555 6524 7897 2855 3501 7102 6964 4094 8061 1726 7921 9715 346 2606 1454 6171 5768 287 2668 4401 9315 7157 3315 4518 7323 215 220 3646 1973 3605 5518 3350 8053 7244 7419 9210 118 4233 6435 161 6948 4946 6565 4622 1456 1984 170 
1876 4894 113 1842 615 2701 4641 6214 3649 4189 511 8984 8792 1079 3835 1240 2062 6350 2081 7106 6549 1021 7525 2136 9976 5855 1540 8943 96 4816 6407 5778 7439 834 5007 207 6543 423 6081 1154 8698 6214 7662 1419 405 1244 3541 1961 9138 1023 4056 2087 9231 7102 6665 6516 558 5683 3119 3001 2002 358 4876 554 2345 6232 903 8859 6404 8229 4029 84 3657 7531 9930 5547 3615 416 8765 365 2728 3104 1552 1748 2570 5383 9393 4658 786 9604 671 126 3446 6083 8663 1415 9828 346 8635 3890 
7940 9855 355 266 8895 3095 3959 4590 5317 5642 3329 6759 8224 2266 4710 1252 44 4516 776 812 4032 4689 278 8747 7450 7590 3844 1064 8837 4924 9941 6541 8991 2393 2706 3587 4116 5929 1095 920 2236 6199 5725 7651 7758 5005 8133 9300 2965 3123 3486 6236 9936 3407 395 3116 3321 786 6893 6796 9783 8209 2408 8276 7151 7861 2418 6480 263 1838 3419 708 8918 8105 6135 7569 5353 5479 4186 9830 6301 7453 8300 2936 3454 2611 9750 9562 9991 6198 7686 8920 4426 7433 7520 1988 496 3548 5077 2 
3051 1558 1385 39 5375 5801 1117 8453 4298 629 1282 2219 5766 1610 1265 7255 4877 545 5890 6047 3052 2551 5104 6096 7394 5536 5866 624 4354 8551 129 2117 9382 8877 7353 3193 5617 7837 7471 1627 6786 3980 4174 7242 2178 298 1365 5977 1032 521 4544 5536 5397 9557 2020 1100 3464 7718 939 642 3345 5368 9973 7956 1678 2913 5107 3955 5504 5509 6123 5575 1449 5103 566 8576 1572 3607 1014 127 6527 4017 6486 6821 8909 2195 2769 616 9949 1511 7117 4142 8059 5029 3486 6413 1786 2115 1265 8021 
3471 9180 6643 7229 4425 5323 5197 4295 3190 2910 4395 1477 4371 1306 7644 9402 7978 9675 1316 5827 7034 9419 216 3922 8214 1744 8529 5551 460 5153 950 2783 117 5873 7605 9197 2838 7286 2075 4885 5521 660 6975 967 1381 7182 1194 8155 681 1056 2402 2175 6754 1946 521 9261 6277 2886 5259 355 6504 7915 2231 3483 9607 3519 5130 131 2002 8459 3629 9522 1825 1200 2105 5652 4259 2696 365 1013 5492 8958 9967 4864 9966 5270 7572 3682 6505 6921 8609 9729 8357 8818 4911 3161 2183 5221 1289 135 
3030 4092 2846 5319 4339 4814 4490 2063 8416 9614 5101 5581 161 8913 8518 9286 5088 3149 1319 4309 8380 8885 4944 7897 291 6189 1892 5378 2741 8877 2970 2716 2819 1513 3926 625 3319 7207 3585 6577 8191 7911 2028 5846 2415 6592 3278 5884 9906 9987 4019 3597 1389 4268 8481 1810 866 9712 1686 4584 6176 5244 4527 2303 1792 1133 5785 6897 2067 4821 2384 6154 9370 1947 3483 9035 7681 4391 6718 2578 4623 2436 3307 6622 7634 5160 6755 7375 7651 1991 8166 9300 5489 863 7963 4683 8611 5508 5566 6244 
6228 6276 6795 1114 5245 2501 4498 6385 1723 5593 9973 3488 9406 6453 3087 6919 2574 9640 6601 7114 4807 9416 1743 5160 6870 4858 5000 6932 8104 7711 446 6228 8935 1297 8339 4032 7564 3274 1628 9482 496 8159 6986 1349 3649 3602 8323 6245 778 92 5990 9376 4725 6426 4046 8732 3247 4640 3423 8345 5152 1073 6404 3472 6169 4970 4631 9666 6058 3755 1032 6251 3492 9763 9175 7079 5625 1310 4700 8004 5897 9845 1002 1332 4379 8751 1087 2660 7736 2847 2376 2676 94 2204 7234 2074 2725 6191 6755 3798 
5755 5665 7285 8921 917 389 3922 8384 267 6335 2051 4008 4415 5821 6417 3042 6773 6482 417 3169 7205 9831 6629 5418 7341 4998 2996 380 214 5528 532 6345 6578 2665 991 1777 2093 1950 6292 5376 4550 5477 5698 5807 6878 7101 5706 3309 6968 5394 8755 632 1198 171 780 9948 4738 2000 5210 9401 4629 3165 7726 818 8044 5657 6745 5579 4727 7688 5127 391 9023 5780 5812 8201 7400 2925 1855 7205 17 5483 7662 8482 94 16 1327 4042 5170 8682 1512 1362 9732 5772 3669 6427 896 2348 5528 1544 
6963 3667 3405 6799 8785 8678 7306 8497 4293 2792 7804 1643 9513 2444 7906 2786 6071 7159 7142 355 6386 3785 3383 1336 5515 5025 7406 8369 3484 7553 1476 1557 8360 9746 6906 5122 9089 5713 3828 334 3887 1055 2036 2932 4141 5960 9409 6856 5576 7612 1942 8252 5198 1797 8481 1971 6862 9618 2998 5580 7234 4052 8851 2686 6273 3199 5634 9326 1272 8149 4593 7336 2332 5979 17 4769 2010 317 9587 5142 1723 9562 4365 2945 9126 9673 2934 4206 1535 9217 1465 9947 290 4605 582 9422 540 9244 9776 9254 
5828 4539 5203 6326 2827 2492 3403 6113 5154 4091 1358 6446 4939 7003 3332 8426 9735 3809 595 8316 3915 7333 6853 8829 2547 4197 5682 7208 2253 9664 4457 5870 2904 2586 7680 6622 8188 7365 7540 1360 167 1234 688 6021 8336 9203 9900 1685 2553 802 3401 8389 796 2173 1992 3830 7605 9620 9600 6322 301 7042 1183 5280 5170 4900 4469 3577 5909 3952 9016 8544 3356 1546 3431 4976 3018 1502 4205 6700 5545 7045 4627 963 2886 3561 2474 6694 3960 1549 5261 6685 1293 7090 9026 9607 161 36 400 788 
7311 4474 2739 8057 3391 8346 9505 6437 7892 9351 5702 8803 3570 6940 1063 8388 6447 1528 4481 3583 8638 4256 5576 7350 4671 3567 3503 2401 2318 5385 1152 9194 7064 5966 8902 8943 4660 4094 3798 1195 5467 6615 4278 6876 6433 3998 809 5095 1262 9029 4357 4244 2014 1654 9986 4812 3097 7571 4061 964 2776 372 1980 2384 3169 2015 8690 6426 1958 6370 7237 8619 4110 850 1709 9147 5656 7371 5075 3534 2306 1830 4757 2702 8422 6256 6836 9242 8581 5553 151 3715 1062 2074 5842 9843 7945 9110 4889 6631 
6089 9076 260 9811 2491 7345 1459 3157 9731 5605 8479 3900 5118 7407 9829 8249 1202 7738 3523 5244 5522 9838 5122 1891 4316 1718 8736 9369 9189 2248 1467 1104 4740 6934 3117 3953 7655 1057 7777 7571 9266 5804 3789 6044 6579 6639 9546 3649 737 2939 4277 1513 9062 6238 5306 3461 9113 9960 7953 3160 3723 2010 1854 6366 6744 4113 3870 256 5425 2759 9342 799 3000 9160 2762 7593 688 9239 6386 541 3092 5355 998 9369 3130 6391 1121 4395 2450 8970 4976 5322 943 2985 9849 2048 5198 6767 5176 7027 
4267 8046 2786 5225 4376 1187 2460 8548 7064 2633 2246 2834 3987 8366 5410 2953 743 2904 321 6924 6322 9626 3054 8543 3327 5379 3350 5014 2377 4548 8132 9412 8091 7399 4449 2434 1415 2985 5910 5571 2453 4263 4843 5485 505 4346 6437 3311 8106 300 6250 6206 585 4995 5143 7070 1550 8520 8852 6705 1504 1720 6435 9435 8761 850 7350 2053 9790 214 624 8537 9158 7630 8961 6955 182 98 8497 6629 4723 5912 1397 2694 2323 1147 7406 3439 2022 4503 2385 1200 4993 5986 9021 9587 5866 2415 2131 1915 
5520 2542 3009 143 1801 5350 2847 5691 1822 3643 5259 4777 2160 6492 8389 6420 8327 9643 9768 4139 5596 7067 664 2981 1544 8170 1477 4143 2285 8921 5649 6779 4499 6511 1909 1902 3860 2637 8216 5864 953 2421 2593 6057 60 6219 3617 6469 338 9138 9214 3675 803 6623 3038 4037 6274 3135 1501 3935 2594 1859 8290 4567 461 7606 5806 4102 4463 6276 7077 6567 6166 2088 5057 5221 3327 516 9573 511 5399 102 5858 767 9450 2373 4674 6096 9732 8118 3280 9615 9245 2567 2295 6476 6905 7452 485 9664 
9984 6825 2602 2296 8828 6125 9416 7902 5429 8273 6018 4843 9056 8736 2576 5968 2369 2158 2472 9094 8210 5861 980 8274 3971 5664 3989 4781 7269 3504 8927 9022 1041 670 741 4780 7496 2750 3305 9316 1897 6570 1570 7394 3256 9421 6230 1662 3640 9976 7175 6053 2362 983 1673 4597 4903 4617 7748 4529 7433 3755 4900 5321 2956 1459 6637 3867 1120 1622 9276 2144 9356 5261 389 2644 6237 7884 9237 5755 4340 1117 3847 8350 7999 9645 5097 2926 5530 7079 2002 3432 1620 3239 6720 8804 8343 743 8195 930 
5730 6687 6286 7718 1918 9784 5026 1881 7618 1891 580 3181 2644 5132 3592 8830 9929 2303 9442 9547 3972 5926 1965 5046 3497 482 5899 3324 8602 691 9960 7324 7985 5354 5282 439 4300 6786 9530 3192 7432 2834 2304 8299 2944 2139 600 1661 2688 5564 2790 5115 3693 5249 9256 2407 4902 297 2657 9307 9832 1234 8762 4600 9533 9502 9292 7036 534 4564 5203 9281 197 7222 2006 4579 864 1213 3039 8888 5380 7846 671 5263 3276 8519 1133 1921 9093 1251 7347 7827 1721 2592 4298 4364 9409 9620 2915 9349 
7475 1072 7114 9547 5959 9603 3209 2446 8093 7527 2812 4580 9250 4726 5180 7662 5594 6083 6237 3193 849 5100 7540 7621 6476 2176 8569 9854 9567 2730 5129 6763 8825 7490 5128 7164 2509 9550 8475 2691 3665 4529 5520 5562 9011 5859 4019 6504 7776 6845 7661 6212 4899 775 9356 4967 1406 3546 8476 4499 6594 7170 4901 9132 2461 1078 7471 80 1211 2667 163 8805 2807 1405 5256 5028 7589 7124 3894 4370 5593 9944 7085 542 5587 8303 9911 993 3956 496 2965 5786 9378 9755 4100 1544 5283 3290 286 1411 
